Record Length,2.500000e+03,,  -0.031400000000,   0.00000,
Sample Interval,2.000000e-05,,  -0.031380000000,   0.00000,
Trigger Point,1.570000000000e+03,,  -0.031360000000,   8.00000,
,,,  -0.031340000000,   0.00000,
,,,  -0.031320000000,   8.00000,
,,,  -0.031300000000,  16.00000,
Source,CH3,,  -0.031280000000,  16.00000,
Vertical Units,V,,  -0.031260000000,   8.00000,
Vertical Scale,2.000000e+02,,  -0.031240000000,   8.00000,
Vertical Offset,-4.800000e+01,,  -0.031220000000,   8.00000,
Horizontal Units,s,,  -0.031200000000,  16.00000,
Horizontal Scale,5.000000e-03,,  -0.031180000000,   8.00000,
Pt Fmt,Y,,  -0.031160000000,  16.00000,
Yzero,0.000000e+00,,  -0.031140000000,  16.00000,
Probe Atten,1.000000e+02,,  -0.031120000000,  16.00000,
Firmware Version,FV:v10.21,,  -0.031100000000,  24.00000,
,,,-00.031080000000,  24.00000,
,,,-00.031060000000,  16.00000,
,,,-00.031040000000,  24.00000,
,,,-00.031020000000,  24.00000,
,,,-00.031000000000,  24.00000,
,,,-00.030980000000,  24.00000,
,,,-00.030960000000,  32.00000,
,,,-00.030940000000,  24.00000,
,,,-00.030920000000,  32.00000,
,,,-00.030900000000,  32.00000,
,,,-00.030880000000,  32.00000,
,,,-00.030860000000,  32.00000,
,,,-00.030840000000,  40.00000,
,,,-00.030820000000,  32.00000,
,,,-00.030800000000,  40.00000,
,,,-00.030780000000,  32.00000,
,,,-00.030760000000,  32.00000,
,,,-00.030740000000,  40.00000,
,,,-00.030720000000,  40.00000,
,,,-00.030700000000,  40.00000,
,,,-00.030680000000,  40.00000,
,,,-00.030660000000,  40.00000,
,,,-00.030640000000,  40.00000,
,,,-00.030620000000,  48.00000,
,,,-00.030600000000,  48.00000,
,,,-00.030580000000,  40.00000,
,,,-00.030560000000,  48.00000,
,,,-00.030540000000,  48.00000,
,,,-00.030520000000,  48.00000,
,,,-00.030500000000,  48.00000,
,,,-00.030480000000,  56.00000,
,,,-00.030460000000,  48.00000,
,,,-00.030440000000,  56.00000,
,,,-00.030420000000,  56.00000,
,,,-00.030400000000,  56.00000,
,,,-00.030380000000,  56.00000,
,,,-00.030360000000,  56.00000,
,,,-00.030340000000,  56.00000,
,,,-00.030320000000,  64.00000,
,,,-00.030300000000,  72.00000,
,,,-00.030280000000,  72.00000,
,,,-00.030260000000,  64.00000,
,,,-00.030240000000,  72.00000,
,,,-00.030220000000,  72.00000,
,,,-00.030200000000,-656.00000,
,,,-00.030180000000,-680.00000,
,,,-00.030160000000,-680.00000,
,,,-00.030140000000,-680.00000,
,,,-00.030120000000,-680.00000,
,,,-00.030100000000,-680.00000,
,,,-00.030080000000,-672.00000,
,,,-00.030060000000,-680.00000,
,,,-00.030040000000,-672.00000,
,,,-00.030020000000,  16.00000,
,,,-00.030000000000,  88.00000,
,,,-00.029980000000,  88.00000,
,,,-00.029960000000,  88.00000,
,,,-00.029940000000,  88.00000,
,,,-00.029920000000,  88.00000,
,,,-00.029900000000,  88.00000,
,,,-00.029880000000,  96.00000,
,,,-00.029860000000,  96.00000,
,,,-00.029840000000,  96.00000,
,,,-00.029820000000,  96.00000,
,,,-00.029800000000,  96.00000,
,,,-00.029780000000,  96.00000,
,,,-00.029760000000,  96.00000,
,,,-00.029740000000,  96.00000,
,,,-00.029720000000,  96.00000,
,,,-00.029700000000, 104.00000,
,,,-00.029680000000,  96.00000,
,,,-00.029660000000, 104.00000,
,,,-00.029640000000,  96.00000,
,,,-00.029620000000, 112.00000,
,,,-00.029600000000, 104.00000,
,,,-00.029580000000, 104.00000,
,,,-00.029560000000, 104.00000,
,,,-00.029540000000, 104.00000,
,,,-00.029520000000, 112.00000,
,,,-00.029500000000, 112.00000,
,,,-00.029480000000, 112.00000,
,,,-00.029460000000, 112.00000,
,,,-00.029440000000, 112.00000,
,,,-00.029420000000, 112.00000,
,,,-00.029400000000, 120.00000,
,,,-00.029380000000, 120.00000,
,,,-00.029360000000, 120.00000,
,,,-00.029340000000, 128.00000,
,,,-00.029320000000, 136.00000,
,,,-00.029300000000, 128.00000,
,,,-00.029280000000, 136.00000,
,,,-00.029260000000, 128.00000,
,,,-00.029240000000, 136.00000,
,,,-00.029220000000, 136.00000,
,,,-00.029200000000, 136.00000,
,,,-00.029180000000, 136.00000,
,,,-00.029160000000, 144.00000,
,,,-00.029140000000, 144.00000,
,,,-00.029120000000, 152.00000,
,,,-00.029100000000, 152.00000,
,,,-00.029080000000, 160.00000,
,,,-00.029060000000, 160.00000,
,,,-00.029040000000, 152.00000,
,,,-00.029020000000, 160.00000,
,,,-00.029000000000, 160.00000,
,,,-00.028980000000, 160.00000,
,,,-00.028960000000, 168.00000,
,,,-00.028940000000, 168.00000,
,,,-00.028920000000, 168.00000,
,,,-00.028900000000, 176.00000,
,,,-00.028880000000, 176.00000,
,,,-00.028860000000, 184.00000,
,,,-00.028840000000, 184.00000,
,,,-00.028820000000,-544.00000,
,,,-00.028800000000,-568.00000,
,,,-00.028780000000,-568.00000,
,,,-00.028760000000,-568.00000,
,,,-00.028740000000,-568.00000,
,,,-00.028720000000,-560.00000,
,,,-00.028700000000,-560.00000,
,,,-00.028680000000,-560.00000,
,,,-00.028660000000,-560.00000,
,,,-00.028640000000,-552.00000,
,,,-00.028620000000,-560.00000,
,,,-00.028600000000,-552.00000,
,,,-00.028580000000,-552.00000,
,,,-00.028560000000,-544.00000,
,,,-00.028540000000,-544.00000,
,,,-00.028520000000,-544.00000,
,,,-00.028500000000,-544.00000,
,,,-00.028480000000,-536.00000,
,,,-00.028460000000,-536.00000,
,,,-00.028440000000,-528.00000,
,,,-00.028420000000,-528.00000,
,,,-00.028400000000,-520.00000,
,,,-00.028380000000,-520.00000,
,,,-00.028360000000,-520.00000,
,,,-00.028340000000,  64.00000,
,,,-00.028320000000, 240.00000,
,,,-00.028300000000, 248.00000,
,,,-00.028280000000, 248.00000,
,,,-00.028260000000, 248.00000,
,,,-00.028240000000, 256.00000,
,,,-00.028220000000, 256.00000,
,,,-00.028200000000, 256.00000,
,,,-00.028180000000, 256.00000,
,,,-00.028160000000, 256.00000,
,,,-00.028140000000, 256.00000,
,,,-00.028120000000, 264.00000,
,,,-00.028100000000, 264.00000,
,,,-00.028080000000, 264.00000,
,,,-00.028060000000, 272.00000,
,,,-00.028040000000, 272.00000,
,,,-00.028020000000, 272.00000,
,,,-00.028000000000, 272.00000,
,,,-00.027980000000, 280.00000,
,,,-00.027960000000, 280.00000,
,,,-00.027940000000, 280.00000,
,,,-00.027920000000, 280.00000,
,,,-00.027900000000, 288.00000,
,,,-00.027880000000, 288.00000,
,,,-00.027860000000, 288.00000,
,,,-00.027840000000, 296.00000,
,,,-00.027820000000, 296.00000,
,,,-00.027800000000, 296.00000,
,,,-00.027780000000, 304.00000,
,,,-00.027760000000, 304.00000,
,,,-00.027740000000, 304.00000,
,,,-00.027720000000, 312.00000,
,,,-00.027700000000, 304.00000,
,,,-00.027680000000, 320.00000,
,,,-00.027660000000, 320.00000,
,,,-00.027640000000, 328.00000,
,,,-00.027620000000, 328.00000,
,,,-00.027600000000, 328.00000,
,,,-00.027580000000, 328.00000,
,,,-00.027560000000, 328.00000,
,,,-00.027540000000, 336.00000,
,,,-00.027520000000, 336.00000,
,,,-00.027500000000, 336.00000,
,,,-00.027480000000,  -8.00000,
,,,-00.027460000000,-416.00000,
,,,-00.027440000000,-408.00000,
,,,-00.027420000000,-408.00000,
,,,-00.027400000000,-408.00000,
,,,-00.027380000000,-408.00000,
,,,-00.027360000000,-400.00000,
,,,-00.027340000000,-400.00000,
,,,-00.027320000000,-400.00000,
,,,-00.027300000000,-400.00000,
,,,-00.027280000000,-400.00000,
,,,-00.027260000000,-400.00000,
,,,-00.027240000000,-392.00000,
,,,-00.027220000000,-392.00000,
,,,-00.027200000000,-392.00000,
,,,-00.027180000000,-392.00000,
,,,-00.027160000000,-384.00000,
,,,-00.027140000000,-384.00000,
,,,-00.027120000000,-376.00000,
,,,-00.027100000000,-376.00000,
,,,-00.027080000000,-376.00000,
,,,-00.027060000000,-376.00000,
,,,-00.027040000000,-368.00000,
,,,-00.027020000000,-368.00000,
,,,-00.027000000000,-368.00000,
,,,-00.026980000000,-360.00000,
,,,-00.026960000000,-352.00000,
,,,-00.026940000000,-352.00000,
,,,-00.026920000000,-352.00000,
,,,-00.026900000000,-352.00000,
,,,-00.026880000000,-344.00000,
,,,-00.026860000000,-352.00000,
,,,-00.026840000000,-336.00000,
,,,-00.026820000000,-344.00000,
,,,-00.026800000000,-336.00000,
,,,-00.026780000000,-336.00000,
,,,-00.026760000000,-336.00000,
,,,-00.026740000000,-328.00000,
,,,-00.026720000000,-328.00000,
,,,-00.026700000000,-320.00000,
,,,-00.026680000000,-320.00000,
,,,-00.026660000000,-320.00000,
,,,-00.026640000000,-312.00000,
,,,-00.026620000000, 184.00000,
,,,-00.026600000000, 448.00000,
,,,-00.026580000000, 448.00000,
,,,-00.026560000000, 448.00000,
,,,-00.026540000000, 456.00000,
,,,-00.026520000000, 456.00000,
,,,-00.026500000000, 464.00000,
,,,-00.026480000000, 472.00000,
,,,-00.026460000000, 464.00000,
,,,-00.026440000000, 472.00000,
,,,-00.026420000000, 472.00000,
,,,-00.026400000000, 472.00000,
,,,-00.026380000000, 472.00000,
,,,-00.026360000000, 472.00000,
,,,-00.026340000000, 472.00000,
,,,-00.026320000000, 480.00000,
,,,-00.026300000000, 480.00000,
,,,-00.026280000000, 480.00000,
,,,-00.026260000000, 480.00000,
,,,-00.026240000000, 480.00000,
,,,-00.026220000000, 488.00000,
,,,-00.026200000000, 488.00000,
,,,-00.026180000000, 488.00000,
,,,-00.026160000000, 488.00000,
,,,-00.026140000000, 384.00000,
,,,-00.026120000000,-264.00000,
,,,-00.026100000000,-264.00000,
,,,-00.026080000000,-264.00000,
,,,-00.026060000000,-256.00000,
,,,-00.026040000000,-264.00000,
,,,-00.026020000000,-256.00000,
,,,-00.026000000000,-248.00000,
,,,-00.025980000000,-248.00000,
,,,-00.025960000000,-240.00000,
,,,-00.025940000000,-240.00000,
,,,-00.025920000000,-248.00000,
,,,-00.025900000000,-248.00000,
,,,-00.025880000000,-240.00000,
,,,-00.025860000000,-232.00000,
,,,-00.025840000000,-232.00000,
,,,-00.025820000000,-224.00000,
,,,-00.025800000000,-232.00000,
,,,-00.025780000000,-224.00000,
,,,-00.025760000000,-224.00000,
,,,-00.025740000000,-224.00000,
,,,-00.025720000000,-216.00000,
,,,-00.025700000000,-216.00000,
,,,-00.025680000000,-216.00000,
,,,-00.025660000000,-208.00000,
,,,-00.025640000000,-216.00000,
,,,-00.025620000000,-200.00000,
,,,-00.025600000000,-200.00000,
,,,-00.025580000000,-200.00000,
,,,-00.025560000000,-200.00000,
,,,-00.025540000000,-200.00000,
,,,-00.025520000000,-192.00000,
,,,-00.025500000000,-192.00000,
,,,-00.025480000000,-192.00000,
,,,-00.025460000000,-184.00000,
,,,-00.025440000000,-184.00000,
,,,-00.025420000000,-184.00000,
,,,-00.025400000000,-184.00000,
,,,-00.025380000000,-176.00000,
,,,-00.025360000000,-176.00000,
,,,-00.025340000000,-168.00000,
,,,-00.025320000000,-168.00000,
,,,-00.025300000000,-160.00000,
,,,-00.025280000000,-168.00000,
,,,-00.025260000000,-168.00000,
,,,-00.025240000000,-160.00000,
,,,-00.025220000000,-160.00000,
,,,-00.025200000000,-160.00000,
,,,-00.025180000000,-160.00000,
,,,-00.025160000000,-152.00000,
,,,-00.025140000000,-152.00000,
,,,-00.025120000000,-152.00000,
,,,-00.025100000000,-144.00000,
,,,-00.025080000000,-144.00000,
,,,-00.025060000000,-144.00000,
,,,-00.025040000000,-144.00000,
,,,-00.025020000000,-144.00000,
,,,-00.025000000000,-144.00000,
,,,-00.024980000000,-144.00000,
,,,-00.024960000000,-136.00000,
,,,-00.024940000000,  64.00000,
,,,-00.024920000000, 624.00000,
,,,-00.024900000000, 624.00000,
,,,-00.024880000000, 624.00000,
,,,-00.024860000000, 624.00000,
,,,-00.024840000000, 632.00000,
,,,-00.024820000000, 632.00000,
,,,-00.024800000000, 632.00000,
,,,-00.024780000000, 632.00000,
,,,-00.024760000000, 576.00000,
,,,-00.024740000000,-128.00000,
,,,-00.024720000000,-120.00000,
,,,-00.024700000000,-120.00000,
,,,-00.024680000000,-120.00000,
,,,-00.024660000000,-120.00000,
,,,-00.024640000000,-112.00000,
,,,-00.024620000000,-120.00000,
,,,-00.024600000000,-112.00000,
,,,-00.024580000000,-112.00000,
,,,-00.024560000000,-112.00000,
,,,-00.024540000000,-104.00000,
,,,-00.024520000000,-104.00000,
,,,-00.024500000000,-104.00000,
,,,-00.024480000000,-104.00000,
,,,-00.024460000000, -96.00000,
,,,-00.024440000000, -96.00000,
,,,-00.024420000000, -96.00000,
,,,-00.024400000000, -96.00000,
,,,-00.024380000000, -96.00000,
,,,-00.024360000000, -88.00000,
,,,-00.024340000000, -96.00000,
,,,-00.024320000000, -96.00000,
,,,-00.024300000000, -88.00000,
,,,-00.024280000000, -88.00000,
,,,-00.024260000000, -88.00000,
,,,-00.024240000000, -88.00000,
,,,-00.024220000000, -80.00000,
,,,-00.024200000000, -72.00000,
,,,-00.024180000000, -80.00000,
,,,-00.024160000000, -80.00000,
,,,-00.024140000000, -72.00000,
,,,-00.024120000000, -64.00000,
,,,-00.024100000000, -72.00000,
,,,-00.024080000000, -72.00000,
,,,-00.024060000000, -64.00000,
,,,-00.024040000000, -64.00000,
,,,-00.024020000000, -64.00000,
,,,-00.024000000000, -64.00000,
,,,-00.023980000000, -64.00000,
,,,-00.023960000000, -64.00000,
,,,-00.023940000000, -64.00000,
,,,-00.023920000000, -56.00000,
,,,-00.023900000000, -64.00000,
,,,-00.023880000000, -56.00000,
,,,-00.023860000000, -56.00000,
,,,-00.023840000000, -56.00000,
,,,-00.023820000000, -56.00000,
,,,-00.023800000000, -56.00000,
,,,-00.023780000000, -56.00000,
,,,-00.023760000000, -56.00000,
,,,-00.023740000000, -48.00000,
,,,-00.023720000000, -48.00000,
,,,-00.023700000000, -48.00000,
,,,-00.023680000000, -40.00000,
,,,-00.023660000000, -48.00000,
,,,-00.023640000000, -48.00000,
,,,-00.023620000000, -40.00000,
,,,-00.023600000000, -48.00000,
,,,-00.023580000000, -48.00000,
,,,-00.023560000000, -40.00000,
,,,-00.023540000000, -40.00000,
,,,-00.023520000000, -40.00000,
,,,-00.023500000000, -40.00000,
,,,-00.023480000000, -40.00000,
,,,-00.023460000000, -40.00000,
,,,-00.023440000000, -32.00000,
,,,-00.023420000000, -40.00000,
,,,-00.023400000000, -32.00000,
,,,-00.023380000000, -32.00000,
,,,-00.023360000000, -32.00000,
,,,-00.023340000000, -24.00000,
,,,-00.023320000000, -16.00000,
,,,-00.023300000000, -24.00000,
,,,-00.023280000000, -24.00000,
,,,-00.023260000000, -24.00000,
,,,-00.023240000000, -16.00000,
,,,-00.023220000000, -24.00000,
,,,-00.023200000000, -24.00000,
,,,-00.023180000000, -24.00000,
,,,-00.023160000000, -16.00000,
,,,-00.023140000000, -16.00000,
,,,-00.023120000000,  -8.00000,
,,,-00.023100000000, -16.00000,
,,,-00.023080000000,  -8.00000,
,,,-00.023060000000, -16.00000,
,,,-00.023040000000,  -8.00000,
,,,-00.023020000000, -16.00000,
,,,-00.023000000000,  -8.00000,
,,,-00.022980000000,  -8.00000,
,,,-00.022960000000,  -8.00000,
,,,-00.022940000000,  -8.00000,
,,,-00.022920000000,  -8.00000,
,,,-00.022900000000,   0.00000,
,,,-00.022880000000,   0.00000,
,,,-00.022860000000,   0.00000,
,,,-00.022840000000,   0.00000,
,,,-00.022820000000,  -8.00000,
,,,-00.022800000000,   0.00000,
,,,-00.022780000000,  -8.00000,
,,,-00.022760000000,  -8.00000,
,,,-00.022740000000,   0.00000,
,,,-00.022720000000,   0.00000,
,,,-00.022700000000,   0.00000,
,,,-00.022680000000,   8.00000,
,,,-00.022660000000,   0.00000,
,,,-00.022640000000,   0.00000,
,,,-00.022620000000,   0.00000,
,,,-00.022600000000,   0.00000,
,,,-00.022580000000,   0.00000,
,,,-00.022560000000,   0.00000,
,,,-00.022540000000,   0.00000,
,,,-00.022520000000,   0.00000,
,,,-00.022500000000,   0.00000,
,,,-00.022480000000,   0.00000,
,,,-00.022460000000,   0.00000,
,,,-00.022440000000,   0.00000,
,,,-00.022420000000,   0.00000,
,,,-00.022400000000,   0.00000,
,,,-00.022380000000,   0.00000,
,,,-00.022360000000,   0.00000,
,,,-00.022340000000,   0.00000,
,,,-00.022320000000,   0.00000,
,,,-00.022300000000,   0.00000,
,,,-00.022280000000,   8.00000,
,,,-00.022260000000,   8.00000,
,,,-00.022240000000,   0.00000,
,,,-00.022220000000,   0.00000,
,,,-00.022200000000,   0.00000,
,,,-00.022180000000,   0.00000,
,,,-00.022160000000,   8.00000,
,,,-00.022140000000,   8.00000,
,,,-00.022120000000,   0.00000,
,,,-00.022100000000,   0.00000,
,,,-00.022080000000,   0.00000,
,,,-00.022060000000,   0.00000,
,,,-00.022040000000,   0.00000,
,,,-00.022020000000,   8.00000,
,,,-00.022000000000,   0.00000,
,,,-00.021980000000,   0.00000,
,,,-00.021960000000,   0.00000,
,,,-00.021940000000,   8.00000,
,,,-00.021920000000,   8.00000,
,,,-00.021900000000,   0.00000,
,,,-00.021880000000,   0.00000,
,,,-00.021860000000,   0.00000,
,,,-00.021840000000,   0.00000,
,,,-00.021820000000,   0.00000,
,,,-00.021800000000,   0.00000,
,,,-00.021780000000,   8.00000,
,,,-00.021760000000,   0.00000,
,,,-00.021740000000,   0.00000,
,,,-00.021720000000,   0.00000,
,,,-00.021700000000,   0.00000,
,,,-00.021680000000,   0.00000,
,,,-00.021660000000,   0.00000,
,,,-00.021640000000,   0.00000,
,,,-00.021620000000,   8.00000,
,,,-00.021600000000,   0.00000,
,,,-00.021580000000,   0.00000,
,,,-00.021560000000,   0.00000,
,,,-00.021540000000,   0.00000,
,,,-00.021520000000,  -8.00000,
,,,-00.021500000000,   0.00000,
,,,-00.021480000000,  -8.00000,
,,,-00.021460000000,  -8.00000,
,,,-00.021440000000,  -8.00000,
,,,-00.021420000000, -16.00000,
,,,-00.021400000000,  -8.00000,
,,,-00.021380000000, -16.00000,
,,,-00.021360000000, -16.00000,
,,,-00.021340000000, -16.00000,
,,,-00.021320000000, -16.00000,
,,,-00.021300000000, -16.00000,
,,,-00.021280000000, -24.00000,
,,,-00.021260000000, -16.00000,
,,,-00.021240000000,  -8.00000,
,,,-00.021220000000, -24.00000,
,,,-00.021200000000, -24.00000,
,,,-00.021180000000, -24.00000,
,,,-00.021160000000, -24.00000,
,,,-00.021140000000, -24.00000,
,,,-00.021120000000, -24.00000,
,,,-00.021100000000, -24.00000,
,,,-00.021080000000, -32.00000,
,,,-00.021060000000, -24.00000,
,,,-00.021040000000, -32.00000,
,,,-00.021020000000, -32.00000,
,,,-00.021000000000, -24.00000,
,,,-00.020980000000, -32.00000,
,,,-00.020960000000, -40.00000,
,,,-00.020940000000, -32.00000,
,,,-00.020920000000, -40.00000,
,,,-00.020900000000, -40.00000,
,,,-00.020880000000, -40.00000,
,,,-00.020860000000, -40.00000,
,,,-00.020840000000, -40.00000,
,,,-00.020820000000, -40.00000,
,,,-00.020800000000, -40.00000,
,,,-00.020780000000, -40.00000,
,,,-00.020760000000, -40.00000,
,,,-00.020740000000, -40.00000,
,,,-00.020720000000, -48.00000,
,,,-00.020700000000, -48.00000,
,,,-00.020680000000, -48.00000,
,,,-00.020660000000, -56.00000,
,,,-00.020640000000, -48.00000,
,,,-00.020620000000, -56.00000,
,,,-00.020600000000, -48.00000,
,,,-00.020580000000, -56.00000,
,,,-00.020560000000, -56.00000,
,,,-00.020540000000, -56.00000,
,,,-00.020520000000, -56.00000,
,,,-00.020500000000, -56.00000,
,,,-00.020480000000, -56.00000,
,,,-00.020460000000, -56.00000,
,,,-00.020440000000, -56.00000,
,,,-00.020420000000, -56.00000,
,,,-00.020400000000, -64.00000,
,,,-00.020380000000, -64.00000,
,,,-00.020360000000, -64.00000,
,,,-00.020340000000, -64.00000,
,,,-00.020320000000, -64.00000,
,,,-00.020300000000, -72.00000,
,,,-00.020280000000, -64.00000,
,,,-00.020260000000, -64.00000,
,,,-00.020240000000, -72.00000,
,,,-00.020220000000, -72.00000,
,,,-00.020200000000, -72.00000,
,,,-00.020180000000, 672.00000,
,,,-00.020160000000, 672.00000,
,,,-00.020140000000, 680.00000,
,,,-00.020120000000, 672.00000,
,,,-00.020100000000, 672.00000,
,,,-00.020080000000, 672.00000,
,,,-00.020060000000, 672.00000,
,,,-00.020040000000, 672.00000,
,,,-00.020020000000, 672.00000,
,,,-00.020000000000, -88.00000,
,,,-00.019980000000, -88.00000,
,,,-00.019960000000, -96.00000,
,,,-00.019940000000, -96.00000,
,,,-00.019920000000, -96.00000,
,,,-00.019900000000, -96.00000,
,,,-00.019880000000, -96.00000,
,,,-00.019860000000, -96.00000,
,,,-00.019840000000,-104.00000,
,,,-00.019820000000, -96.00000,
,,,-00.019800000000,-104.00000,
,,,-00.019780000000,-104.00000,
,,,-00.019760000000,-104.00000,
,,,-00.019740000000,-104.00000,
,,,-00.019720000000,-104.00000,
,,,-00.019700000000,-112.00000,
,,,-00.019680000000,-112.00000,
,,,-00.019660000000,-112.00000,
,,,-00.019640000000,-112.00000,
,,,-00.019620000000,-112.00000,
,,,-00.019600000000,-112.00000,
,,,-00.019580000000,-112.00000,
,,,-00.019560000000,-112.00000,
,,,-00.019540000000,-120.00000,
,,,-00.019520000000,-120.00000,
,,,-00.019500000000,-120.00000,
,,,-00.019480000000,-120.00000,
,,,-00.019460000000,-120.00000,
,,,-00.019440000000,-120.00000,
,,,-00.019420000000,-128.00000,
,,,-00.019400000000,-136.00000,
,,,-00.019380000000,-128.00000,
,,,-00.019360000000,-136.00000,
,,,-00.019340000000,-136.00000,
,,,-00.019320000000,-136.00000,
,,,-00.019300000000,-144.00000,
,,,-00.019280000000,-136.00000,
,,,-00.019260000000,-144.00000,
,,,-00.019240000000,-136.00000,
,,,-00.019220000000,-144.00000,
,,,-00.019200000000,-152.00000,
,,,-00.019180000000,-152.00000,
,,,-00.019160000000,-144.00000,
,,,-00.019140000000,-152.00000,
,,,-00.019120000000,-152.00000,
,,,-00.019100000000,-152.00000,
,,,-00.019080000000,-160.00000,
,,,-00.019060000000,-160.00000,
,,,-00.019040000000,-160.00000,
,,,-00.019020000000,-160.00000,
,,,-00.019000000000,-168.00000,
,,,-00.018980000000,-168.00000,
,,,-00.018960000000,-176.00000,
,,,-00.018940000000,-176.00000,
,,,-00.018920000000,-176.00000,
,,,-00.018900000000,-176.00000,
,,,-00.018880000000,-184.00000,
,,,-00.018860000000,-184.00000,
,,,-00.018840000000,-184.00000,
,,,-00.018820000000,-192.00000,
,,,-00.018800000000, 568.00000,
,,,-00.018780000000, 576.00000,
,,,-00.018760000000, 568.00000,
,,,-00.018740000000, 568.00000,
,,,-00.018720000000, 560.00000,
,,,-00.018700000000, 552.00000,
,,,-00.018680000000, 560.00000,
,,,-00.018660000000, 560.00000,
,,,-00.018640000000, 552.00000,
,,,-00.018620000000, 552.00000,
,,,-00.018600000000, 552.00000,
,,,-00.018580000000, 544.00000,
,,,-00.018560000000, 536.00000,
,,,-00.018540000000, 536.00000,
,,,-00.018520000000, 536.00000,
,,,-00.018500000000, 528.00000,
,,,-00.018480000000, 528.00000,
,,,-00.018460000000, 528.00000,
,,,-00.018440000000, 520.00000,
,,,-00.018420000000, 528.00000,
,,,-00.018400000000, 520.00000,
,,,-00.018380000000, 520.00000,
,,,-00.018360000000, 520.00000,
,,,-00.018340000000, 520.00000,
,,,-00.018320000000,-232.00000,
,,,-00.018300000000,-248.00000,
,,,-00.018280000000,-248.00000,
,,,-00.018260000000,-256.00000,
,,,-00.018240000000,-256.00000,
,,,-00.018220000000,-256.00000,
,,,-00.018200000000,-256.00000,
,,,-00.018180000000,-264.00000,
,,,-00.018160000000,-264.00000,
,,,-00.018140000000,-264.00000,
,,,-00.018120000000,-264.00000,
,,,-00.018100000000,-272.00000,
,,,-00.018080000000,-272.00000,
,,,-00.018060000000,-272.00000,
,,,-00.018040000000,-280.00000,
,,,-00.018020000000,-280.00000,
,,,-00.018000000000,-288.00000,
,,,-00.017980000000,-288.00000,
,,,-00.017960000000,-280.00000,
,,,-00.017940000000,-288.00000,
,,,-00.017920000000,-288.00000,
,,,-00.017900000000,-296.00000,
,,,-00.017880000000,-288.00000,
,,,-00.017860000000,-304.00000,
,,,-00.017840000000,-296.00000,
,,,-00.017820000000,-296.00000,
,,,-00.017800000000,-304.00000,
,,,-00.017780000000,-304.00000,
,,,-00.017760000000,-312.00000,
,,,-00.017740000000,-312.00000,
,,,-00.017720000000,-312.00000,
,,,-00.017700000000,-312.00000,
,,,-00.017680000000,-320.00000,
,,,-00.017660000000,-320.00000,
,,,-00.017640000000,-320.00000,
,,,-00.017620000000,-320.00000,
,,,-00.017600000000,-328.00000,
,,,-00.017580000000,-328.00000,
,,,-00.017560000000,-328.00000,
,,,-00.017540000000,-336.00000,
,,,-00.017520000000,-336.00000,
,,,-00.017500000000,-344.00000,
,,,-00.017480000000, 248.00000,
,,,-00.017460000000, 408.00000,
,,,-00.017440000000, 408.00000,
,,,-00.017420000000, 416.00000,
,,,-00.017400000000, 408.00000,
,,,-00.017380000000, 408.00000,
,,,-00.017360000000, 408.00000,
,,,-00.017340000000, 400.00000,
,,,-00.017320000000, 400.00000,
,,,-00.017300000000, 392.00000,
,,,-00.017280000000, 392.00000,
,,,-00.017260000000, 392.00000,
,,,-00.017240000000, 392.00000,
,,,-00.017220000000, 384.00000,
,,,-00.017200000000, 392.00000,
,,,-00.017180000000, 376.00000,
,,,-00.017160000000, 384.00000,
,,,-00.017140000000, 376.00000,
,,,-00.017120000000, 376.00000,
,,,-00.017100000000, 368.00000,
,,,-00.017080000000, 360.00000,
,,,-00.017060000000, 360.00000,
,,,-00.017040000000, 368.00000,
,,,-00.017020000000, 360.00000,
,,,-00.017000000000, 360.00000,
,,,-00.016980000000, 352.00000,
,,,-00.016960000000, 352.00000,
,,,-00.016940000000, 352.00000,
,,,-00.016920000000, 352.00000,
,,,-00.016900000000, 344.00000,
,,,-00.016880000000, 336.00000,
,,,-00.016860000000, 344.00000,
,,,-00.016840000000, 336.00000,
,,,-00.016820000000, 336.00000,
,,,-00.016800000000, 336.00000,
,,,-00.016780000000, 328.00000,
,,,-00.016760000000, 328.00000,
,,,-00.016740000000, 328.00000,
,,,-00.016720000000, 328.00000,
,,,-00.016700000000, 320.00000,
,,,-00.016680000000, 320.00000,
,,,-00.016660000000, 312.00000,
,,,-00.016640000000, 304.00000,
,,,-00.016620000000,-368.00000,
,,,-00.016600000000,-456.00000,
,,,-00.016580000000,-456.00000,
,,,-00.016560000000,-456.00000,
,,,-00.016540000000,-464.00000,
,,,-00.016520000000,-464.00000,
,,,-00.016500000000,-472.00000,
,,,-00.016480000000,-464.00000,
,,,-00.016460000000,-472.00000,
,,,-00.016440000000,-464.00000,
,,,-00.016420000000,-472.00000,
,,,-00.016400000000,-472.00000,
,,,-00.016380000000,-480.00000,
,,,-00.016360000000,-472.00000,
,,,-00.016340000000,-480.00000,
,,,-00.016320000000,-472.00000,
,,,-00.016300000000,-480.00000,
,,,-00.016280000000,-488.00000,
,,,-00.016260000000,-488.00000,
,,,-00.016240000000,-488.00000,
,,,-00.016220000000,-488.00000,
,,,-00.016200000000,-488.00000,
,,,-00.016180000000,-488.00000,
,,,-00.016160000000,-488.00000,
,,,-00.016140000000, -48.00000,
,,,-00.016120000000, 264.00000,
,,,-00.016100000000, 256.00000,
,,,-00.016080000000, 256.00000,
,,,-00.016060000000, 256.00000,
,,,-00.016040000000, 256.00000,
,,,-00.016020000000, 248.00000,
,,,-00.016000000000, 248.00000,
,,,-00.015980000000, 248.00000,
,,,-00.015960000000, 248.00000,
,,,-00.015940000000, 240.00000,
,,,-00.015920000000, 240.00000,
,,,-00.015900000000, 232.00000,
,,,-00.015880000000, 232.00000,
,,,-00.015860000000, 232.00000,
,,,-00.015840000000, 232.00000,
,,,-00.015820000000, 224.00000,
,,,-00.015800000000, 224.00000,
,,,-00.015780000000, 224.00000,
,,,-00.015760000000, 224.00000,
,,,-00.015740000000, 216.00000,
,,,-00.015720000000, 208.00000,
,,,-00.015700000000, 208.00000,
,,,-00.015680000000, 208.00000,
,,,-00.015660000000, 200.00000,
,,,-00.015640000000, 208.00000,
,,,-00.015620000000, 208.00000,
,,,-00.015600000000, 192.00000,
,,,-00.015580000000, 200.00000,
,,,-00.015560000000, 192.00000,
,,,-00.015540000000, 200.00000,
,,,-00.015520000000, 192.00000,
,,,-00.015500000000, 184.00000,
,,,-00.015480000000, 184.00000,
,,,-00.015460000000, 184.00000,
,,,-00.015440000000, 176.00000,
,,,-00.015420000000, 176.00000,
,,,-00.015400000000, 176.00000,
,,,-00.015380000000, 176.00000,
,,,-00.015360000000, 168.00000,
,,,-00.015340000000, 176.00000,
,,,-00.015320000000, 168.00000,
,,,-00.015300000000, 160.00000,
,,,-00.015280000000, 160.00000,
,,,-00.015260000000, 160.00000,
,,,-00.015240000000, 160.00000,
,,,-00.015220000000, 152.00000,
,,,-00.015200000000, 160.00000,
,,,-00.015180000000, 152.00000,
,,,-00.015160000000, 152.00000,
,,,-00.015140000000, 152.00000,
,,,-00.015120000000, 152.00000,
,,,-00.015100000000, 144.00000,
,,,-00.015080000000, 144.00000,
,,,-00.015060000000, 144.00000,
,,,-00.015040000000, 144.00000,
,,,-00.015020000000, 136.00000,
,,,-00.015000000000, 136.00000,
,,,-00.014980000000, 136.00000,
,,,-00.014960000000, 136.00000,
,,,-00.014940000000,-416.00000,
,,,-00.014920000000,-624.00000,
,,,-00.014900000000,-624.00000,
,,,-00.014880000000,-632.00000,
,,,-00.014860000000,-632.00000,
,,,-00.014840000000,-640.00000,
,,,-00.014820000000,-632.00000,
,,,-00.014800000000,-640.00000,
,,,-00.014780000000,-640.00000,
,,,-00.014760000000,-240.00000,
,,,-00.014740000000, 112.00000,
,,,-00.014720000000, 112.00000,
,,,-00.014700000000, 112.00000,
,,,-00.014680000000, 112.00000,
,,,-00.014660000000, 104.00000,
,,,-00.014640000000, 112.00000,
,,,-00.014620000000, 104.00000,
,,,-00.014600000000, 104.00000,
,,,-00.014580000000, 104.00000,
,,,-00.014560000000, 104.00000,
,,,-00.014540000000, 104.00000,
,,,-00.014520000000,  96.00000,
,,,-00.014500000000,  96.00000,
,,,-00.014480000000,  96.00000,
,,,-00.014460000000,  96.00000,
,,,-00.014440000000,  88.00000,
,,,-00.014420000000,  88.00000,
,,,-00.014400000000,  88.00000,
,,,-00.014380000000,  88.00000,
,,,-00.014360000000,  88.00000,
,,,-00.014340000000,  80.00000,
,,,-00.014320000000,  80.00000,
,,,-00.014300000000,  80.00000,
,,,-00.014280000000,  88.00000,
,,,-00.014260000000,  88.00000,
,,,-00.014240000000,  80.00000,
,,,-00.014220000000,  72.00000,
,,,-00.014200000000,  80.00000,
,,,-00.014180000000,  72.00000,
,,,-00.014160000000,  80.00000,
,,,-00.014140000000,  72.00000,
,,,-00.014120000000,  72.00000,
,,,-00.014100000000,  64.00000,
,,,-00.014080000000,  64.00000,
,,,-00.014060000000,  64.00000,
,,,-00.014040000000,  64.00000,
,,,-00.014020000000,  56.00000,
,,,-00.014000000000,  64.00000,
,,,-00.013980000000,  56.00000,
,,,-00.013960000000,  56.00000,
,,,-00.013940000000,  56.00000,
,,,-00.013920000000,  56.00000,
,,,-00.013900000000,  56.00000,
,,,-00.013880000000,  56.00000,
,,,-00.013860000000,  48.00000,
,,,-00.013840000000,  48.00000,
,,,-00.013820000000,  40.00000,
,,,-00.013800000000,  40.00000,
,,,-00.013780000000,  48.00000,
,,,-00.013760000000,  48.00000,
,,,-00.013740000000,  40.00000,
,,,-00.013720000000,  40.00000,
,,,-00.013700000000,  40.00000,
,,,-00.013680000000,  40.00000,
,,,-00.013660000000,  32.00000,
,,,-00.013640000000,  40.00000,
,,,-00.013620000000,  40.00000,
,,,-00.013600000000,  32.00000,
,,,-00.013580000000,  32.00000,
,,,-00.013560000000,  32.00000,
,,,-00.013540000000,  32.00000,
,,,-00.013520000000,  32.00000,
,,,-00.013500000000,  32.00000,
,,,-00.013480000000,  32.00000,
,,,-00.013460000000,  32.00000,
,,,-00.013440000000,  24.00000,
,,,-00.013420000000,  24.00000,
,,,-00.013400000000,  24.00000,
,,,-00.013380000000,  32.00000,
,,,-00.013360000000,  24.00000,
,,,-00.013340000000,  24.00000,
,,,-00.013320000000,  24.00000,
,,,-00.013300000000,  16.00000,
,,,-00.013280000000,  16.00000,
,,,-00.013260000000,  16.00000,
,,,-00.013240000000,   8.00000,
,,,-00.013220000000,   8.00000,
,,,-00.013200000000,   8.00000,
,,,-00.013180000000,   8.00000,
,,,-00.013160000000,   8.00000,
,,,-00.013140000000,   8.00000,
,,,-00.013120000000,   0.00000,
,,,-00.013100000000,   8.00000,
,,,-00.013080000000,   8.00000,
,,,-00.013060000000,   0.00000,
,,,-00.013040000000,   0.00000,
,,,-00.013020000000,   0.00000,
,,,-00.013000000000,   0.00000,
,,,-00.012980000000,  -8.00000,
,,,-00.012960000000,   0.00000,
,,,-00.012940000000,   0.00000,
,,,-00.012920000000,   0.00000,
,,,-00.012900000000,  -8.00000,
,,,-00.012880000000,   0.00000,
,,,-00.012860000000,  -8.00000,
,,,-00.012840000000,  -8.00000,
,,,-00.012820000000,  -8.00000,
,,,-00.012800000000,   0.00000,
,,,-00.012780000000,  -8.00000,
,,,-00.012760000000,   0.00000,
,,,-00.012740000000,  -8.00000,
,,,-00.012720000000,  -8.00000,
,,,-00.012700000000,  -8.00000,
,,,-00.012680000000,  -8.00000,
,,,-00.012660000000,  -8.00000,
,,,-00.012640000000,  -8.00000,
,,,-00.012620000000,  -8.00000,
,,,-00.012600000000,  -8.00000,
,,,-00.012580000000,  -8.00000,
,,,-00.012560000000,  -8.00000,
,,,-00.012540000000,  -8.00000,
,,,-00.012520000000,  -8.00000,
,,,-00.012500000000,  -8.00000,
,,,-00.012480000000,  -8.00000,
,,,-00.012460000000,  -8.00000,
,,,-00.012440000000,  -8.00000,
,,,-00.012420000000,  -8.00000,
,,,-00.012400000000, -16.00000,
,,,-00.012380000000,  -8.00000,
,,,-00.012360000000,  -8.00000,
,,,-00.012340000000,  -8.00000,
,,,-00.012320000000,  -8.00000,
,,,-00.012300000000,  -8.00000,
,,,-00.012280000000,  -8.00000,
,,,-00.012260000000,  -8.00000,
,,,-00.012240000000,  -8.00000,
,,,-00.012220000000, -16.00000,
,,,-00.012200000000,  -8.00000,
,,,-00.012180000000, -16.00000,
,,,-00.012160000000,  -8.00000,
,,,-00.012140000000,  -8.00000,
,,,-00.012120000000,  -8.00000,
,,,-00.012100000000, -16.00000,
,,,-00.012080000000, -16.00000,
,,,-00.012060000000,  -8.00000,
,,,-00.012040000000,  -8.00000,
,,,-00.012020000000,  -8.00000,
,,,-00.012000000000,  -8.00000,
,,,-00.011980000000,  -8.00000,
,,,-00.011960000000,  -8.00000,
,,,-00.011940000000,  -8.00000,
,,,-00.011920000000,  -8.00000,
,,,-00.011900000000,  -8.00000,
,,,-00.011880000000,  -8.00000,
,,,-00.011860000000,  -8.00000,
,,,-00.011840000000,  -8.00000,
,,,-00.011820000000,  -8.00000,
,,,-00.011800000000,  -8.00000,
,,,-00.011780000000,  -8.00000,
,,,-00.011760000000,  -8.00000,
,,,-00.011740000000,  -8.00000,
,,,-00.011720000000,  -8.00000,
,,,-00.011700000000,  -8.00000,
,,,-00.011680000000,  -8.00000,
,,,-00.011660000000,  -8.00000,
,,,-00.011640000000,  -8.00000,
,,,-00.011620000000,  -8.00000,
,,,-00.011600000000,   0.00000,
,,,-00.011580000000,  -8.00000,
,,,-00.011560000000,  -8.00000,
,,,-00.011540000000,  -8.00000,
,,,-00.011520000000,   0.00000,
,,,-00.011500000000,   0.00000,
,,,-00.011480000000,   0.00000,
,,,-00.011460000000,   0.00000,
,,,-00.011440000000,   0.00000,
,,,-00.011420000000,  -8.00000,
,,,-00.011400000000,   0.00000,
,,,-00.011380000000,   8.00000,
,,,-00.011360000000,   8.00000,
,,,-00.011340000000,   8.00000,
,,,-00.011320000000,   8.00000,
,,,-00.011300000000,   8.00000,
,,,-00.011280000000,   8.00000,
,,,-00.011260000000,   8.00000,
,,,-00.011240000000,  16.00000,
,,,-00.011220000000,   8.00000,
,,,-00.011200000000,   8.00000,
,,,-00.011180000000,  16.00000,
,,,-00.011160000000,  40.00000,
,,,-00.011140000000,  16.00000,
,,,-00.011120000000,  24.00000,
,,,-00.011100000000,  24.00000,
,,,-00.011080000000,  24.00000,
,,,-00.011060000000,  24.00000,
,,,-00.011040000000,  24.00000,
,,,-00.011020000000,  24.00000,
,,,-00.011000000000,  24.00000,
,,,-00.010980000000,  32.00000,
,,,-00.010960000000,  32.00000,
,,,-00.010940000000,  24.00000,
,,,-00.010920000000,  32.00000,
,,,-00.010900000000,  24.00000,
,,,-00.010880000000,  32.00000,
,,,-00.010860000000,  32.00000,
,,,-00.010840000000,  32.00000,
,,,-00.010820000000,  32.00000,
,,,-00.010800000000,  32.00000,
,,,-00.010780000000,  40.00000,
,,,-00.010760000000,  40.00000,
,,,-00.010740000000,  40.00000,
,,,-00.010720000000,  40.00000,
,,,-00.010700000000,  32.00000,
,,,-00.010680000000,  40.00000,
,,,-00.010660000000,  40.00000,
,,,-00.010640000000,  40.00000,
,,,-00.010620000000,  40.00000,
,,,-00.010600000000,  48.00000,
,,,-00.010580000000,  40.00000,
,,,-00.010560000000,  48.00000,
,,,-00.010540000000,  48.00000,
,,,-00.010520000000,  48.00000,
,,,-00.010500000000,  48.00000,
,,,-00.010480000000,  48.00000,
,,,-00.010460000000,  48.00000,
,,,-00.010440000000,  56.00000,
,,,-00.010420000000,  56.00000,
,,,-00.010400000000,  48.00000,
,,,-00.010380000000,  56.00000,
,,,-00.010360000000,  56.00000,
,,,-00.010340000000,  56.00000,
,,,-00.010320000000,  56.00000,
,,,-00.010300000000,  56.00000,
,,,-00.010280000000,  64.00000,
,,,-00.010260000000,  72.00000,
,,,-00.010240000000,  64.00000,
,,,-00.010220000000,  72.00000,
,,,-00.010200000000,  48.00000,
,,,-00.010180000000,-680.00000,
,,,-00.010160000000,-688.00000,
,,,-00.010140000000,-680.00000,
,,,-00.010120000000,-672.00000,
,,,-00.010100000000,-672.00000,
,,,-00.010080000000,-672.00000,
,,,-00.010060000000,-672.00000,
,,,-00.010040000000,-672.00000,
,,,-00.010020000000,-688.00000,
,,,-00.010000000000,  88.00000,
,,,-00.009980000000,  88.00000,
,,,-00.009960000000,  88.00000,
,,,-00.009940000000,  88.00000,
,,,-00.009920000000,  88.00000,
,,,-00.009900000000,  88.00000,
,,,-00.009880000000,  88.00000,
,,,-00.009860000000,  96.00000,
,,,-00.009840000000,  88.00000,
,,,-00.009820000000,  96.00000,
,,,-00.009800000000,  96.00000,
,,,-00.009780000000,  96.00000,
,,,-00.009760000000,  96.00000,
,,,-00.009740000000,  96.00000,
,,,-00.009720000000, 104.00000,
,,,-00.009700000000, 104.00000,
,,,-00.009680000000, 104.00000,
,,,-00.009660000000, 104.00000,
,,,-00.009640000000, 104.00000,
,,,-00.009620000000, 104.00000,
,,,-00.009600000000, 104.00000,
,,,-00.009580000000, 104.00000,
,,,-00.009560000000, 104.00000,
,,,-00.009540000000, 104.00000,
,,,-00.009520000000, 112.00000,
,,,-00.009500000000, 112.00000,
,,,-00.009480000000, 112.00000,
,,,-00.009460000000, 112.00000,
,,,-00.009440000000, 112.00000,
,,,-00.009420000000, 120.00000,
,,,-00.009400000000, 120.00000,
,,,-00.009380000000, 128.00000,
,,,-00.009360000000, 120.00000,
,,,-00.009340000000, 128.00000,
,,,-00.009320000000, 128.00000,
,,,-00.009300000000, 128.00000,
,,,-00.009280000000, 136.00000,
,,,-00.009260000000, 136.00000,
,,,-00.009240000000, 136.00000,
,,,-00.009220000000, 136.00000,
,,,-00.009200000000, 136.00000,
,,,-00.009180000000, 136.00000,
,,,-00.009160000000, 144.00000,
,,,-00.009140000000, 144.00000,
,,,-00.009120000000, 144.00000,
,,,-00.009100000000, 152.00000,
,,,-00.009080000000, 152.00000,
,,,-00.009060000000, 152.00000,
,,,-00.009040000000, 160.00000,
,,,-00.009020000000, 160.00000,
,,,-00.009000000000, 160.00000,
,,,-00.008980000000, 168.00000,
,,,-00.008960000000, 168.00000,
,,,-00.008940000000, 176.00000,
,,,-00.008920000000, 168.00000,
,,,-00.008900000000, 176.00000,
,,,-00.008880000000, 176.00000,
,,,-00.008860000000, 176.00000,
,,,-00.008840000000, 184.00000,
,,,-00.008820000000, 176.00000,
,,,-00.008800000000,-568.00000,
,,,-00.008780000000,-576.00000,
,,,-00.008760000000,-568.00000,
,,,-00.008740000000,-560.00000,
,,,-00.008720000000,-560.00000,
,,,-00.008700000000,-568.00000,
,,,-00.008680000000,-560.00000,
,,,-00.008660000000,-560.00000,
,,,-00.008640000000,-552.00000,
,,,-00.008620000000,-560.00000,
,,,-00.008600000000,-560.00000,
,,,-00.008580000000,-560.00000,
,,,-00.008560000000,-552.00000,
,,,-00.008540000000,-544.00000,
,,,-00.008520000000,-536.00000,
,,,-00.008500000000,-544.00000,
,,,-00.008480000000,-536.00000,
,,,-00.008460000000,-536.00000,
,,,-00.008440000000,-536.00000,
,,,-00.008420000000,-528.00000,
,,,-00.008400000000,-520.00000,
,,,-00.008380000000,-520.00000,
,,,-00.008360000000,-520.00000,
,,,-00.008340000000,-520.00000,
,,,-00.008320000000, 232.00000,
,,,-00.008300000000, 240.00000,
,,,-00.008280000000, 248.00000,
,,,-00.008260000000, 248.00000,
,,,-00.008240000000, 248.00000,
,,,-00.008220000000, 256.00000,
,,,-00.008200000000, 256.00000,
,,,-00.008180000000, 256.00000,
,,,-00.008160000000, 256.00000,
,,,-00.008140000000, 256.00000,
,,,-00.008120000000, 256.00000,
,,,-00.008100000000, 256.00000,
,,,-00.008080000000, 264.00000,
,,,-00.008060000000, 264.00000,
,,,-00.008040000000, 264.00000,
,,,-00.008020000000, 264.00000,
,,,-00.008000000000, 272.00000,
,,,-00.007980000000, 272.00000,
,,,-00.007960000000, 272.00000,
,,,-00.007940000000, 280.00000,
,,,-00.007920000000, 280.00000,
,,,-00.007900000000, 280.00000,
,,,-00.007880000000, 288.00000,
,,,-00.007860000000, 288.00000,
,,,-00.007840000000, 296.00000,
,,,-00.007820000000, 296.00000,
,,,-00.007800000000, 304.00000,
,,,-00.007780000000, 304.00000,
,,,-00.007760000000, 304.00000,
,,,-00.007740000000, 304.00000,
,,,-00.007720000000, 304.00000,
,,,-00.007700000000, 312.00000,
,,,-00.007680000000, 320.00000,
,,,-00.007660000000, 320.00000,
,,,-00.007640000000, 320.00000,
,,,-00.007620000000, 320.00000,
,,,-00.007600000000, 328.00000,
,,,-00.007580000000, 328.00000,
,,,-00.007560000000, 336.00000,
,,,-00.007540000000, 328.00000,
,,,-00.007520000000, 336.00000,
,,,-00.007500000000, 336.00000,
,,,-00.007480000000, 336.00000,
,,,-00.007460000000,-392.00000,
,,,-00.007440000000,-416.00000,
,,,-00.007420000000,-408.00000,
,,,-00.007400000000,-408.00000,
,,,-00.007380000000,-408.00000,
,,,-00.007360000000,-408.00000,
,,,-00.007340000000,-408.00000,
,,,-00.007320000000,-408.00000,
,,,-00.007300000000,-392.00000,
,,,-00.007280000000,-400.00000,
,,,-00.007260000000,-400.00000,
,,,-00.007240000000,-392.00000,
,,,-00.007220000000,-392.00000,
,,,-00.007200000000,-392.00000,
,,,-00.007180000000,-392.00000,
,,,-00.007160000000,-384.00000,
,,,-00.007140000000,-384.00000,
,,,-00.007120000000,-376.00000,
,,,-00.007100000000,-376.00000,
,,,-00.007080000000,-376.00000,
,,,-00.007060000000,-376.00000,
,,,-00.007040000000,-368.00000,
,,,-00.007020000000,-368.00000,
,,,-00.007000000000,-368.00000,
,,,-00.006980000000,-360.00000,
,,,-00.006960000000,-360.00000,
,,,-00.006940000000,-360.00000,
,,,-00.006920000000,-352.00000,
,,,-00.006900000000,-352.00000,
,,,-00.006880000000,-352.00000,
,,,-00.006860000000,-352.00000,
,,,-00.006840000000,-344.00000,
,,,-00.006820000000,-344.00000,
,,,-00.006800000000,-336.00000,
,,,-00.006780000000,-336.00000,
,,,-00.006760000000,-336.00000,
,,,-00.006740000000,-336.00000,
,,,-00.006720000000,-320.00000,
,,,-00.006700000000,-320.00000,
,,,-00.006680000000,-328.00000,
,,,-00.006660000000,-320.00000,
,,,-00.006640000000,-312.00000,
,,,-00.006620000000,-312.00000,
,,,-00.006600000000, 432.00000,
,,,-00.006580000000, 448.00000,
,,,-00.006560000000, 448.00000,
,,,-00.006540000000, 456.00000,
,,,-00.006520000000, 456.00000,
,,,-00.006500000000, 456.00000,
,,,-00.006480000000, 464.00000,
,,,-00.006460000000, 464.00000,
,,,-00.006440000000, 472.00000,
,,,-00.006420000000, 472.00000,
,,,-00.006400000000, 472.00000,
,,,-00.006380000000, 472.00000,
,,,-00.006360000000, 472.00000,
,,,-00.006340000000, 472.00000,
,,,-00.006320000000, 472.00000,
,,,-00.006300000000, 472.00000,
,,,-00.006280000000, 472.00000,
,,,-00.006260000000, 480.00000,
,,,-00.006240000000, 480.00000,
,,,-00.006220000000, 480.00000,
,,,-00.006200000000, 488.00000,
,,,-00.006180000000, 488.00000,
,,,-00.006160000000, 488.00000,
,,,-00.006140000000, 488.00000,
,,,-00.006120000000,-216.00000,
,,,-00.006100000000,-264.00000,
,,,-00.006080000000,-256.00000,
,,,-00.006060000000,-256.00000,
,,,-00.006040000000,-256.00000,
,,,-00.006020000000,-256.00000,
,,,-00.006000000000,-256.00000,
,,,-00.005980000000,-248.00000,
,,,-00.005960000000,-256.00000,
,,,-00.005940000000,-248.00000,
,,,-00.005920000000,-240.00000,
,,,-00.005900000000,-248.00000,
,,,-00.005880000000,-240.00000,
,,,-00.005860000000,-240.00000,
,,,-00.005840000000,-232.00000,
,,,-00.005820000000,-232.00000,
,,,-00.005800000000,-232.00000,
,,,-00.005780000000,-232.00000,
,,,-00.005760000000,-232.00000,
,,,-00.005740000000,-224.00000,
,,,-00.005720000000,-224.00000,
,,,-00.005700000000,-216.00000,
,,,-00.005680000000,-224.00000,
,,,-00.005660000000,-216.00000,
,,,-00.005640000000,-208.00000,
,,,-00.005620000000,-208.00000,
,,,-00.005600000000,-208.00000,
,,,-00.005580000000,-200.00000,
,,,-00.005560000000,-208.00000,
,,,-00.005540000000,-200.00000,
,,,-00.005520000000,-200.00000,
,,,-00.005500000000,-192.00000,
,,,-00.005480000000,-192.00000,
,,,-00.005460000000,-192.00000,
,,,-00.005440000000,-184.00000,
,,,-00.005420000000,-184.00000,
,,,-00.005400000000,-176.00000,
,,,-00.005380000000,-184.00000,
,,,-00.005360000000,-176.00000,
,,,-00.005340000000,-176.00000,
,,,-00.005320000000,-176.00000,
,,,-00.005300000000,-176.00000,
,,,-00.005280000000,-168.00000,
,,,-00.005260000000,-160.00000,
,,,-00.005240000000,-160.00000,
,,,-00.005220000000,-160.00000,
,,,-00.005200000000,-160.00000,
,,,-00.005180000000,-160.00000,
,,,-00.005160000000,-160.00000,
,,,-00.005140000000,-152.00000,
,,,-00.005120000000,-144.00000,
,,,-00.005100000000,-152.00000,
,,,-00.005080000000,-152.00000,
,,,-00.005060000000,-144.00000,
,,,-00.005040000000,-144.00000,
,,,-00.005020000000,-144.00000,
,,,-00.005000000000,-144.00000,
,,,-00.004980000000,-144.00000,
,,,-00.004960000000,-136.00000,
,,,-00.004940000000,-144.00000,
,,,-00.004920000000, 576.00000,
,,,-00.004900000000, 624.00000,
,,,-00.004880000000, 624.00000,
,,,-00.004860000000, 632.00000,
,,,-00.004840000000, 632.00000,
,,,-00.004820000000, 632.00000,
,,,-00.004800000000, 632.00000,
,,,-00.004780000000, 632.00000,
,,,-00.004760000000, 632.00000,
,,,-00.004740000000, -56.00000,
,,,-00.004720000000,-128.00000,
,,,-00.004700000000,-120.00000,
,,,-00.004680000000,-120.00000,
,,,-00.004660000000,-120.00000,
,,,-00.004640000000,-120.00000,
,,,-00.004620000000,-112.00000,
,,,-00.004600000000,-112.00000,
,,,-00.004580000000,-112.00000,
,,,-00.004560000000,-112.00000,
,,,-00.004540000000,-104.00000,
,,,-00.004520000000,-104.00000,
,,,-00.004500000000,-104.00000,
,,,-00.004480000000,-104.00000,
,,,-00.004460000000, -96.00000,
,,,-00.004440000000,-104.00000,
,,,-00.004420000000, -96.00000,
,,,-00.004400000000,-104.00000,
,,,-00.004380000000, -96.00000,
,,,-00.004360000000, -96.00000,
,,,-00.004340000000, -88.00000,
,,,-00.004320000000, -88.00000,
,,,-00.004300000000, -88.00000,
,,,-00.004280000000, -88.00000,
,,,-00.004260000000, -80.00000,
,,,-00.004240000000, -80.00000,
,,,-00.004220000000, -80.00000,
,,,-00.004200000000, -80.00000,
,,,-00.004180000000, -88.00000,
,,,-00.004160000000, -72.00000,
,,,-00.004140000000, -72.00000,
,,,-00.004120000000, -80.00000,
,,,-00.004100000000, -72.00000,
,,,-00.004080000000, -72.00000,
,,,-00.004060000000, -72.00000,
,,,-00.004040000000, -72.00000,
,,,-00.004020000000, -64.00000,
,,,-00.004000000000, -64.00000,
,,,-00.003980000000, -64.00000,
,,,-00.003960000000, -64.00000,
,,,-00.003940000000, -64.00000,
,,,-00.003920000000, -56.00000,
,,,-00.003900000000, -64.00000,
,,,-00.003880000000, -56.00000,
,,,-00.003860000000, -56.00000,
,,,-00.003840000000, -56.00000,
,,,-00.003820000000, -56.00000,
,,,-00.003800000000, -56.00000,
,,,-00.003780000000, -48.00000,
,,,-00.003760000000, -48.00000,
,,,-00.003740000000, -48.00000,
,,,-00.003720000000, -48.00000,
,,,-00.003700000000, -48.00000,
,,,-00.003680000000, -48.00000,
,,,-00.003660000000, -40.00000,
,,,-00.003640000000, -48.00000,
,,,-00.003620000000, -48.00000,
,,,-00.003600000000, -48.00000,
,,,-00.003580000000, -40.00000,
,,,-00.003560000000, -40.00000,
,,,-00.003540000000, -40.00000,
,,,-00.003520000000, -40.00000,
,,,-00.003500000000, -32.00000,
,,,-00.003480000000, -40.00000,
,,,-00.003460000000, -32.00000,
,,,-00.003440000000, -32.00000,
,,,-00.003420000000, -40.00000,
,,,-00.003400000000, -32.00000,
,,,-00.003380000000, -32.00000,
,,,-00.003360000000, -24.00000,
,,,-00.003340000000, -32.00000,
,,,-00.003320000000, -24.00000,
,,,-00.003300000000, -24.00000,
,,,-00.003280000000, -24.00000,
,,,-00.003260000000, -24.00000,
,,,-00.003240000000, -24.00000,
,,,-00.003220000000, -16.00000,
,,,-00.003200000000, -16.00000,
,,,-00.003180000000, -16.00000,
,,,-00.003160000000, -16.00000,
,,,-00.003140000000, -16.00000,
,,,-00.003120000000, -16.00000,
,,,-00.003100000000,  -8.00000,
,,,-00.003080000000,  -8.00000,
,,,-00.003060000000, -16.00000,
,,,-00.003040000000, -16.00000,
,,,-00.003020000000,  -8.00000,
,,,-00.003000000000,  -8.00000,
,,,-00.002980000000,  -8.00000,
,,,-00.002960000000,  -8.00000,
,,,-00.002940000000,  -8.00000,
,,,-00.002920000000,   0.00000,
,,,-00.002900000000,  -8.00000,
,,,-00.002880000000,  -8.00000,
,,,-00.002860000000,  -8.00000,
,,,-00.002840000000,  -8.00000,
,,,-00.002820000000,   0.00000,
,,,-00.002800000000,  -8.00000,
,,,-00.002780000000,   0.00000,
,,,-00.002760000000,   0.00000,
,,,-00.002740000000,   0.00000,
,,,-00.002720000000,   0.00000,
,,,-00.002700000000,   0.00000,
,,,-00.002680000000,   0.00000,
,,,-00.002660000000,   0.00000,
,,,-00.002640000000,   0.00000,
,,,-00.002620000000,   0.00000,
,,,-00.002600000000,   0.00000,
,,,-00.002580000000,   0.00000,
,,,-00.002560000000,   0.00000,
,,,-00.002540000000,   0.00000,
,,,-00.002520000000,   8.00000,
,,,-00.002500000000,   0.00000,
,,,-00.002480000000,   8.00000,
,,,-00.002460000000,   0.00000,
,,,-00.002440000000,   8.00000,
,,,-00.002420000000,   0.00000,
,,,-00.002400000000,  -8.00000,
,,,-00.002380000000,   0.00000,
,,,-00.002360000000,   0.00000,
,,,-00.002340000000,   0.00000,
,,,-00.002320000000,   0.00000,
,,,-00.002300000000,   0.00000,
,,,-00.002280000000,   0.00000,
,,,-00.002260000000,   0.00000,
,,,-00.002240000000,   0.00000,
,,,-00.002220000000,   8.00000,
,,,-00.002200000000,   8.00000,
,,,-00.002180000000,   0.00000,
,,,-00.002160000000,   8.00000,
,,,-00.002140000000,   8.00000,
,,,-00.002120000000,   0.00000,
,,,-00.002100000000,   0.00000,
,,,-00.002080000000,   0.00000,
,,,-00.002060000000,   0.00000,
,,,-00.002040000000,   0.00000,
,,,-00.002020000000,   0.00000,
,,,-00.002000000000,   8.00000,
,,,-00.001980000000,   8.00000,
,,,-00.001960000000,   0.00000,
,,,-00.001940000000,   0.00000,
,,,-00.001920000000,   0.00000,
,,,-00.001900000000,   0.00000,
,,,-00.001880000000,   8.00000,
,,,-00.001860000000,   8.00000,
,,,-00.001840000000,   0.00000,
,,,-00.001820000000,   0.00000,
,,,-00.001800000000,   0.00000,
,,,-00.001780000000,   0.00000,
,,,-00.001760000000,   0.00000,
,,,-00.001740000000,   0.00000,
,,,-00.001720000000,   0.00000,
,,,-00.001700000000,   0.00000,
,,,-00.001680000000,   8.00000,
,,,-00.001660000000,   0.00000,
,,,-00.001640000000,   0.00000,
,,,-00.001620000000,   0.00000,
,,,-00.001600000000,   0.00000,
,,,-00.001580000000,   0.00000,
,,,-00.001560000000,  -8.00000,
,,,-00.001540000000,  -8.00000,
,,,-00.001520000000,  -8.00000,
,,,-00.001500000000,  -8.00000,
,,,-00.001480000000,  -8.00000,
,,,-00.001460000000,   0.00000,
,,,-00.001440000000,  -8.00000,
,,,-00.001420000000,  -8.00000,
,,,-00.001400000000, -16.00000,
,,,-00.001380000000, -16.00000,
,,,-00.001360000000,  -8.00000,
,,,-00.001340000000, -16.00000,
,,,-00.001320000000, -16.00000,
,,,-00.001300000000, -16.00000,
,,,-00.001280000000, -16.00000,
,,,-00.001260000000, -16.00000,
,,,-00.001240000000, -24.00000,
,,,-00.001220000000, -48.00000,
,,,-00.001200000000, -16.00000,
,,,-00.001180000000, -24.00000,
,,,-00.001160000000, -16.00000,
,,,-00.001140000000, -24.00000,
,,,-00.001120000000, -24.00000,
,,,-00.001100000000, -24.00000,
,,,-00.001080000000, -24.00000,
,,,-00.001060000000, -24.00000,
,,,-00.001040000000, -24.00000,
,,,-00.001020000000, -24.00000,
,,,-00.001000000000, -32.00000,
,,,-00.000980000000, -32.00000,
,,,-00.000960000000, -32.00000,
,,,-00.000940000000, -40.00000,
,,,-00.000920000000, -40.00000,
,,,-00.000900000000, -40.00000,
,,,-00.000880000000, -32.00000,
,,,-00.000860000000, -40.00000,
,,,-00.000840000000, -40.00000,
,,,-00.000820000000, -40.00000,
,,,-00.000800000000, -40.00000,
,,,-00.000780000000, -48.00000,
,,,-00.000760000000, -40.00000,
,,,-00.000740000000, -48.00000,
,,,-00.000720000000, -48.00000,
,,,-00.000700000000, -48.00000,
,,,-00.000680000000, -48.00000,
,,,-00.000660000000, -48.00000,
,,,-00.000640000000, -48.00000,
,,,-00.000620000000, -48.00000,
,,,-00.000600000000, -48.00000,
,,,-00.000580000000, -48.00000,
,,,-00.000560000000, -56.00000,
,,,-00.000540000000, -48.00000,
,,,-00.000520000000, -56.00000,
,,,-00.000500000000, -64.00000,
,,,-00.000480000000, -56.00000,
,,,-00.000460000000, -64.00000,
,,,-00.000440000000, -56.00000,
,,,-00.000420000000, -56.00000,
,,,-00.000400000000, -64.00000,
,,,-00.000380000000, -56.00000,
,,,-00.000360000000, -64.00000,
,,,-00.000340000000, -64.00000,
,,,-00.000320000000, -64.00000,
,,,-00.000300000000, -64.00000,
,,,-00.000280000000, -64.00000,
,,,-00.000260000000, -64.00000,
,,,-00.000240000000, -64.00000,
,,,-00.000220000000, -72.00000,
,,,-00.000200000000, -72.00000,
,,,-00.000180000000, 336.00000,
,,,-00.000160000000, 680.00000,
,,,-00.000140000000, 680.00000,
,,,-00.000120000000, 680.00000,
,,,-00.000100000000, 672.00000,
,,,-00.000080000000, 672.00000,
,,,-00.000060000000, 672.00000,
,,,-00.000040000000, 672.00000,
,,,-00.000020000000, 672.00000,
,,,-00.000000000000, 432.00000,
,,,00.000020000000, -88.00000,
,,,00.000040000000, -88.00000,
,,,00.000060000000, -88.00000,
,,,00.000080000000, -96.00000,
,,,00.000100000000, -96.00000,
,,,00.000120000000, -96.00000,
,,,00.000140000000, -96.00000,
,,,00.000160000000, -96.00000,
,,,00.000180000000, -96.00000,
,,,00.000200000000,-104.00000,
,,,00.000220000000, -96.00000,
,,,00.000240000000,-104.00000,
,,,00.000260000000,-104.00000,
,,,00.000280000000,-112.00000,
,,,00.000300000000,-104.00000,
,,,00.000320000000,-112.00000,
,,,00.000340000000,-104.00000,
,,,00.000360000000,-112.00000,
,,,00.000380000000,-112.00000,
,,,00.000400000000,-112.00000,
,,,00.000420000000,-112.00000,
,,,00.000440000000,-112.00000,
,,,00.000460000000,-120.00000,
,,,00.000480000000,-112.00000,
,,,00.000500000000,-120.00000,
,,,00.000520000000,-120.00000,
,,,00.000540000000,-120.00000,
,,,00.000560000000,-120.00000,
,,,00.000580000000,-120.00000,
,,,00.000600000000,-128.00000,
,,,00.000620000000,-128.00000,
,,,00.000640000000,-128.00000,
,,,00.000660000000,-136.00000,
,,,00.000680000000,-136.00000,
,,,00.000700000000,-144.00000,
,,,00.000720000000,-136.00000,
,,,00.000740000000,-144.00000,
,,,00.000760000000,-144.00000,
,,,00.000780000000,-144.00000,
,,,00.000800000000,-144.00000,
,,,00.000820000000,-144.00000,
,,,00.000840000000,-152.00000,
,,,00.000860000000,-144.00000,
,,,00.000880000000,-152.00000,
,,,00.000900000000,-152.00000,
,,,00.000920000000,-152.00000,
,,,00.000940000000,-160.00000,
,,,00.000960000000,-160.00000,
,,,00.000980000000,-160.00000,
,,,00.001000000000,-168.00000,
,,,00.001020000000,-168.00000,
,,,00.001040000000,-168.00000,
,,,00.001060000000,-168.00000,
,,,00.001080000000,-176.00000,
,,,00.001100000000,-176.00000,
,,,00.001120000000,-176.00000,
,,,00.001140000000,-176.00000,
,,,00.001160000000,-184.00000,
,,,00.001180000000,-184.00000,
,,,00.001200000000, 176.00000,
,,,00.001220000000, 568.00000,
,,,00.001240000000, 568.00000,
,,,00.001260000000, 560.00000,
,,,00.001280000000, 560.00000,
,,,00.001300000000, 568.00000,
,,,00.001320000000, 560.00000,
,,,00.001340000000, 552.00000,
,,,00.001360000000, 552.00000,
,,,00.001380000000, 552.00000,
,,,00.001400000000, 544.00000,
,,,00.001420000000, 544.00000,
,,,00.001440000000, 544.00000,
,,,00.001460000000, 544.00000,
,,,00.001480000000, 536.00000,
,,,00.001500000000, 528.00000,
,,,00.001520000000, 528.00000,
,,,00.001540000000, 536.00000,
,,,00.001560000000, 528.00000,
,,,00.001580000000, 528.00000,
,,,00.001600000000, 520.00000,
,,,00.001620000000, 520.00000,
,,,00.001640000000, 520.00000,
,,,00.001660000000, 520.00000,
,,,00.001680000000, 504.00000,
,,,00.001700000000,-248.00000,
,,,00.001720000000,-248.00000,
,,,00.001740000000,-248.00000,
,,,00.001760000000,-248.00000,
,,,00.001780000000,-256.00000,
,,,00.001800000000,-256.00000,
,,,00.001820000000,-256.00000,
,,,00.001840000000,-256.00000,
,,,00.001860000000,-264.00000,
,,,00.001880000000,-272.00000,
,,,00.001900000000,-272.00000,
,,,00.001920000000,-272.00000,
,,,00.001940000000,-272.00000,
,,,00.001960000000,-272.00000,
,,,00.001980000000,-280.00000,
,,,00.002000000000,-280.00000,
,,,00.002020000000,-288.00000,
,,,00.002040000000,-288.00000,
,,,00.002060000000,-288.00000,
,,,00.002080000000,-288.00000,
,,,00.002100000000,-296.00000,
,,,00.002120000000,-288.00000,
,,,00.002140000000,-296.00000,
,,,00.002160000000,-296.00000,
,,,00.002180000000,-304.00000,
,,,00.002200000000,-304.00000,
,,,00.002220000000,-304.00000,
,,,00.002240000000,-312.00000,
,,,00.002260000000,-312.00000,
,,,00.002280000000,-312.00000,
,,,00.002300000000,-320.00000,
,,,00.002320000000,-312.00000,
,,,00.002340000000,-320.00000,
,,,00.002360000000,-320.00000,
,,,00.002380000000,-328.00000,
,,,00.002400000000,-328.00000,
,,,00.002420000000,-328.00000,
,,,00.002440000000,-328.00000,
,,,00.002460000000,-336.00000,
,,,00.002480000000,-336.00000,
,,,00.002500000000,-336.00000,
,,,00.002520000000,-344.00000,
,,,00.002540000000, 392.00000,
,,,00.002560000000, 416.00000,
,,,00.002580000000, 408.00000,
,,,00.002600000000, 408.00000,
,,,00.002620000000, 408.00000,
,,,00.002640000000, 408.00000,
,,,00.002660000000, 400.00000,
,,,00.002680000000, 400.00000,
,,,00.002700000000, 392.00000,
,,,00.002720000000, 392.00000,
,,,00.002740000000, 400.00000,
,,,00.002760000000, 384.00000,
,,,00.002780000000, 384.00000,
,,,00.002800000000, 384.00000,
,,,00.002820000000, 384.00000,
,,,00.002840000000, 376.00000,
,,,00.002860000000, 376.00000,
,,,00.002880000000, 376.00000,
,,,00.002900000000, 368.00000,
,,,00.002920000000, 368.00000,
,,,00.002940000000, 360.00000,
,,,00.002960000000, 360.00000,
,,,00.002980000000, 360.00000,
,,,00.003000000000, 360.00000,
,,,00.003020000000, 352.00000,
,,,00.003040000000, 352.00000,
,,,00.003060000000, 352.00000,
,,,00.003080000000, 352.00000,
,,,00.003100000000, 344.00000,
,,,00.003120000000, 344.00000,
,,,00.003140000000, 344.00000,
,,,00.003160000000, 336.00000,
,,,00.003180000000, 336.00000,
,,,00.003200000000, 336.00000,
,,,00.003220000000, 336.00000,
,,,00.003240000000, 328.00000,
,,,00.003260000000, 328.00000,
,,,00.003280000000, 328.00000,
,,,00.003300000000, 320.00000,
,,,00.003320000000, 320.00000,
,,,00.003340000000, 312.00000,
,,,00.003360000000, 312.00000,
,,,00.003380000000, 312.00000,
,,,00.003400000000,-448.00000,
,,,00.003420000000,-456.00000,
,,,00.003440000000,-456.00000,
,,,00.003460000000,-456.00000,
,,,00.003480000000,-464.00000,
,,,00.003500000000,-464.00000,
,,,00.003520000000,-464.00000,
,,,00.003540000000,-472.00000,
,,,00.003560000000,-472.00000,
,,,00.003580000000,-472.00000,
,,,00.003600000000,-472.00000,
,,,00.003620000000,-472.00000,
,,,00.003640000000,-480.00000,
,,,00.003660000000,-480.00000,
,,,00.003680000000,-480.00000,
,,,00.003700000000,-480.00000,
,,,00.003720000000,-488.00000,
,,,00.003740000000,-480.00000,
,,,00.003760000000,-488.00000,
,,,00.003780000000,-488.00000,
,,,00.003800000000,-488.00000,
,,,00.003820000000,-488.00000,
,,,00.003840000000,-496.00000,
,,,00.003860000000,-496.00000,
,,,00.003880000000, 216.00000,
,,,00.003900000000, 264.00000,
,,,00.003920000000, 256.00000,
,,,00.003940000000, 256.00000,
,,,00.003960000000, 256.00000,
,,,00.003980000000, 256.00000,
,,,00.004000000000, 248.00000,
,,,00.004020000000, 248.00000,
,,,00.004040000000, 248.00000,
,,,00.004060000000, 248.00000,
,,,00.004080000000, 240.00000,
,,,00.004100000000, 240.00000,
,,,00.004120000000, 232.00000,
,,,00.004140000000, 232.00000,
,,,00.004160000000, 232.00000,
,,,00.004180000000, 224.00000,
,,,00.004200000000, 224.00000,
,,,00.004220000000, 224.00000,
,,,00.004240000000, 224.00000,
,,,00.004260000000, 216.00000,
,,,00.004280000000, 208.00000,
,,,00.004300000000, 208.00000,
,,,00.004320000000, 208.00000,
,,,00.004340000000, 200.00000,
,,,00.004360000000, 208.00000,
,,,00.004380000000, 200.00000,
,,,00.004400000000, 200.00000,
,,,00.004420000000, 200.00000,
,,,00.004440000000, 192.00000,
,,,00.004460000000, 192.00000,
,,,00.004480000000, 192.00000,
,,,00.004500000000, 192.00000,
,,,00.004520000000, 184.00000,
,,,00.004540000000, 184.00000,
,,,00.004560000000, 184.00000,
,,,00.004580000000, 176.00000,
,,,00.004600000000, 176.00000,
,,,00.004620000000, 176.00000,
,,,00.004640000000, 176.00000,
,,,00.004660000000, 176.00000,
,,,00.004680000000, 168.00000,
,,,00.004700000000, 168.00000,
,,,00.004720000000, 168.00000,
,,,00.004740000000, 160.00000,
,,,00.004760000000, 152.00000,
,,,00.004780000000, 160.00000,
,,,00.004800000000, 160.00000,
,,,00.004820000000, 152.00000,
,,,00.004840000000, 152.00000,
,,,00.004860000000, 152.00000,
,,,00.004880000000, 152.00000,
,,,00.004900000000, 144.00000,
,,,00.004920000000, 144.00000,
,,,00.004940000000, 144.00000,
,,,00.004960000000, 144.00000,
,,,00.004980000000, 144.00000,
,,,00.005000000000, 136.00000,
,,,00.005020000000, 136.00000,
,,,00.005040000000, 136.00000,
,,,00.005060000000, 128.00000,
,,,00.005080000000,-600.00000,
,,,00.005100000000,-632.00000,
,,,00.005120000000,-632.00000,
,,,00.005140000000,-632.00000,
,,,00.005160000000,-640.00000,
,,,00.005180000000,-640.00000,
,,,00.005200000000,-640.00000,
,,,00.005220000000,-640.00000,
,,,00.005240000000,-640.00000,
,,,00.005260000000,  64.00000,
,,,00.005280000000, 120.00000,
,,,00.005300000000, 112.00000,
,,,00.005320000000, 112.00000,
,,,00.005340000000, 104.00000,
,,,00.005360000000, 112.00000,
,,,00.005380000000, 104.00000,
,,,00.005400000000, 104.00000,
,,,00.005420000000, 104.00000,
,,,00.005440000000, 104.00000,
,,,00.005460000000, 104.00000,
,,,00.005480000000,  96.00000,
,,,00.005500000000,  96.00000,
,,,00.005520000000,  96.00000,
,,,00.005540000000,  96.00000,
,,,00.005560000000,  96.00000,
,,,00.005580000000,  96.00000,
,,,00.005600000000,  88.00000,
,,,00.005620000000,  88.00000,
,,,00.005640000000,  88.00000,
,,,00.005660000000,  88.00000,
,,,00.005680000000,  80.00000,
,,,00.005700000000,  80.00000,
,,,00.005720000000,  80.00000,
,,,00.005740000000,  80.00000,
,,,00.005760000000,  72.00000,
,,,00.005780000000,  80.00000,
,,,00.005800000000,  80.00000,
,,,00.005820000000,  80.00000,
,,,00.005840000000,  72.00000,
,,,00.005860000000,  72.00000,
,,,00.005880000000,  72.00000,
,,,00.005900000000,  72.00000,
,,,00.005920000000,  72.00000,
,,,00.005940000000,  64.00000,
,,,00.005960000000,  72.00000,
,,,00.005980000000,  64.00000,
,,,00.006000000000,  56.00000,
,,,00.006020000000,  56.00000,
,,,00.006040000000,  56.00000,
,,,00.006060000000,  56.00000,
,,,00.006080000000,  56.00000,
,,,00.006100000000,  56.00000,
,,,00.006120000000,  48.00000,
,,,00.006140000000,  56.00000,
,,,00.006160000000,  48.00000,
,,,00.006180000000,  48.00000,
,,,00.006200000000,  48.00000,
,,,00.006220000000,  48.00000,
,,,00.006240000000,  48.00000,
,,,00.006260000000,  48.00000,
,,,00.006280000000,  48.00000,
,,,00.006300000000,  40.00000,
,,,00.006320000000,  40.00000,
,,,00.006340000000,  40.00000,
,,,00.006360000000,  40.00000,
,,,00.006380000000,  40.00000,
,,,00.006400000000,  32.00000,
,,,00.006420000000,  32.00000,
,,,00.006440000000,  32.00000,
,,,00.006460000000,  32.00000,
,,,00.006480000000,  40.00000,
,,,00.006500000000,  32.00000,
,,,00.006520000000,  32.00000,
,,,00.006540000000,  24.00000,
,,,00.006560000000,  32.00000,
,,,00.006580000000,  32.00000,
,,,00.006600000000,  32.00000,
,,,00.006620000000,  32.00000,
,,,00.006640000000,  24.00000,
,,,00.006660000000,  24.00000,
,,,00.006680000000,  24.00000,
,,,00.006700000000,  24.00000,
,,,00.006720000000,  16.00000,
,,,00.006740000000,  16.00000,
,,,00.006760000000,  16.00000,
,,,00.006780000000,  16.00000,
,,,00.006800000000,   8.00000,
,,,00.006820000000,   8.00000,
,,,00.006840000000,   8.00000,
,,,00.006860000000,   8.00000,
,,,00.006880000000,   8.00000,
,,,00.006900000000,   8.00000,
,,,00.006920000000,   8.00000,
,,,00.006940000000,   0.00000,
,,,00.006960000000,   0.00000,
,,,00.006980000000,   0.00000,
,,,00.007000000000,   8.00000,
,,,00.007020000000,   0.00000,
,,,00.007040000000,   0.00000,
,,,00.007060000000,   0.00000,
,,,00.007080000000,   0.00000,
,,,00.007100000000,  -8.00000,
,,,00.007120000000,  -8.00000,
,,,00.007140000000,   0.00000,
,,,00.007160000000,  -8.00000,
,,,00.007180000000,  -8.00000,
,,,00.007200000000,  -8.00000,
,,,00.007220000000,   0.00000,
,,,00.007240000000,  -8.00000,
,,,00.007260000000,  -8.00000,
,,,00.007280000000,   0.00000,
,,,00.007300000000,  -8.00000,
,,,00.007320000000,  -8.00000,
,,,00.007340000000,  -8.00000,
,,,00.007360000000,  -8.00000,
,,,00.007380000000,  -8.00000,
,,,00.007400000000,  -8.00000,
,,,00.007420000000,  -8.00000,
,,,00.007440000000,  -8.00000,
,,,00.007460000000, -16.00000,
,,,00.007480000000, -16.00000,
,,,00.007500000000,  -8.00000,
,,,00.007520000000,  -8.00000,
,,,00.007540000000,  -8.00000,
,,,00.007560000000,  -8.00000,
,,,00.007580000000,  -8.00000,
,,,00.007600000000,  -8.00000,
,,,00.007620000000,  -8.00000,
,,,00.007640000000,  -8.00000,
,,,00.007660000000,  -8.00000,
,,,00.007680000000,  -8.00000,
,,,00.007700000000,  -8.00000,
,,,00.007720000000,  -8.00000,
,,,00.007740000000, -16.00000,
,,,00.007760000000,  -8.00000,
,,,00.007780000000,  -8.00000,
,,,00.007800000000,  -8.00000,
,,,00.007820000000,  -8.00000,
,,,00.007840000000,  -8.00000,
,,,00.007860000000,  -8.00000,
,,,00.007880000000,  -8.00000,
,,,00.007900000000,  -8.00000,
,,,00.007920000000,  -8.00000,
,,,00.007940000000,  -8.00000,
,,,00.007960000000, -16.00000,
,,,00.007980000000,  -8.00000,
,,,00.008000000000,  -8.00000,
,,,00.008020000000, -16.00000,
,,,00.008040000000,  -8.00000,
,,,00.008060000000, -16.00000,
,,,00.008080000000, -16.00000,
,,,00.008100000000,  -8.00000,
,,,00.008120000000,  -8.00000,
,,,00.008140000000,  -8.00000,
,,,00.008160000000,  -8.00000,
,,,00.008180000000,  -8.00000,
,,,00.008200000000,  -8.00000,
,,,00.008220000000,  -8.00000,
,,,00.008240000000,  -8.00000,
,,,00.008260000000,  -8.00000,
,,,00.008280000000,  -8.00000,
,,,00.008300000000,  -8.00000,
,,,00.008320000000,  -8.00000,
,,,00.008340000000,  -8.00000,
,,,00.008360000000,  -8.00000,
,,,00.008380000000,  -8.00000,
,,,00.008400000000,  -8.00000,
,,,00.008420000000,  -8.00000,
,,,00.008440000000,   0.00000,
,,,00.008460000000,   0.00000,
,,,00.008480000000,   0.00000,
,,,00.008500000000,  -8.00000,
,,,00.008520000000,   0.00000,
,,,00.008540000000,  -8.00000,
,,,00.008560000000,   0.00000,
,,,00.008580000000,   0.00000,
,,,00.008600000000,   0.00000,
,,,00.008620000000,   8.00000,
,,,00.008640000000,   0.00000,
,,,00.008660000000,   8.00000,
,,,00.008680000000,   8.00000,
,,,00.008700000000,   8.00000,
,,,00.008720000000,   8.00000,
,,,00.008740000000,   8.00000,
,,,00.008760000000,   8.00000,
,,,00.008780000000,   8.00000,
,,,00.008800000000,  16.00000,
,,,00.008820000000,   8.00000,
,,,00.008840000000,  32.00000,
,,,00.008860000000,  24.00000,
,,,00.008880000000,  16.00000,
,,,00.008900000000,  16.00000,
,,,00.008920000000,  16.00000,
,,,00.008940000000,  24.00000,
,,,00.008960000000,  24.00000,
,,,00.008980000000,  24.00000,
,,,00.009000000000,  24.00000,
,,,00.009020000000,  24.00000,
,,,00.009040000000,  24.00000,
,,,00.009060000000,  24.00000,
,,,00.009080000000,  24.00000,
,,,00.009100000000,  24.00000,
,,,00.009120000000,  32.00000,
,,,00.009140000000,  32.00000,
,,,00.009160000000,  32.00000,
,,,00.009180000000,  40.00000,
,,,00.009200000000,  32.00000,
,,,00.009220000000,  40.00000,
,,,00.009240000000,  32.00000,
,,,00.009260000000,  40.00000,
,,,00.009280000000,  40.00000,
,,,00.009300000000,  40.00000,
,,,00.009320000000,  32.00000,
,,,00.009340000000,  40.00000,
,,,00.009360000000,  48.00000,
,,,00.009380000000,  40.00000,
,,,00.009400000000,  48.00000,
,,,00.009420000000,  48.00000,
,,,00.009440000000,  40.00000,
,,,00.009460000000,  48.00000,
,,,00.009480000000,  48.00000,
,,,00.009500000000,  48.00000,
,,,00.009520000000,  48.00000,
,,,00.009540000000,  48.00000,
,,,00.009560000000,  48.00000,
,,,00.009580000000,  56.00000,
,,,00.009600000000,  56.00000,
,,,00.009620000000,  56.00000,
,,,00.009640000000,  56.00000,
,,,00.009660000000,  56.00000,
,,,00.009680000000,  56.00000,
,,,00.009700000000,  56.00000,
,,,00.009720000000,  64.00000,
,,,00.009740000000,  64.00000,
,,,00.009760000000,  64.00000,
,,,00.009780000000,  72.00000,
,,,00.009800000000,  64.00000,
,,,00.009820000000,-592.00000,
,,,00.009840000000,-688.00000,
,,,00.009860000000,-672.00000,
,,,00.009880000000,-680.00000,
,,,00.009900000000,-672.00000,
,,,00.009920000000,-680.00000,
,,,00.009940000000,-672.00000,
,,,00.009960000000,-672.00000,
,,,00.009980000000,-672.00000,
,,,00.010000000000,-104.00000,
,,,00.010020000000,  80.00000,
,,,00.010040000000,  80.00000,
,,,00.010060000000,  88.00000,
,,,00.010080000000,  88.00000,
,,,00.010100000000,  88.00000,
,,,00.010120000000,  96.00000,
,,,00.010140000000,  88.00000,
,,,00.010160000000,  88.00000,
,,,00.010180000000,  96.00000,
,,,00.010200000000,  96.00000,
,,,00.010220000000,  96.00000,
,,,00.010240000000,  96.00000,
,,,00.010260000000,  96.00000,
,,,00.010280000000,  96.00000,
,,,00.010300000000,  96.00000,
,,,00.010320000000, 104.00000,
,,,00.010340000000, 104.00000,
,,,00.010360000000, 104.00000,
,,,00.010380000000, 112.00000,
,,,00.010400000000, 104.00000,
,,,00.010420000000, 104.00000,
,,,00.010440000000, 104.00000,
,,,00.010460000000, 112.00000,
,,,00.010480000000, 112.00000,
,,,00.010500000000, 112.00000,
,,,00.010520000000, 112.00000,
,,,00.010540000000, 112.00000,
,,,00.010560000000, 112.00000,
,,,00.010580000000, 112.00000,
,,,00.010600000000, 120.00000,
,,,00.010620000000, 128.00000,
,,,00.010640000000, 120.00000,
,,,00.010660000000, 128.00000,
,,,00.010680000000, 128.00000,
,,,00.010700000000, 136.00000,
,,,00.010720000000, 136.00000,
,,,00.010740000000, 136.00000,
,,,00.010760000000, 136.00000,
,,,00.010780000000, 136.00000,
,,,00.010800000000, 136.00000,
,,,00.010820000000, 144.00000,
,,,00.010840000000, 144.00000,
,,,00.010860000000, 144.00000,
,,,00.010880000000, 144.00000,
,,,00.010900000000, 152.00000,
,,,00.010920000000, 152.00000,
,,,00.010940000000, 160.00000,
,,,00.010960000000, 152.00000,
,,,00.010980000000, 160.00000,
,,,00.011000000000, 160.00000,
,,,00.011020000000, 160.00000,
,,,00.011040000000, 160.00000,
,,,00.011060000000, 160.00000,
,,,00.011080000000, 168.00000,
,,,00.011100000000, 168.00000,
,,,00.011120000000, 176.00000,
,,,00.011140000000, 176.00000,
,,,00.011160000000, 176.00000,
,,,00.011180000000, 184.00000,
,,,00.011200000000,-456.00000,
,,,00.011220000000,-568.00000,
,,,00.011240000000,-568.00000,
,,,00.011260000000,-568.00000,
,,,00.011280000000,-568.00000,
,,,00.011300000000,-560.00000,
,,,00.011320000000,-560.00000,
,,,00.011340000000,-560.00000,
,,,00.011360000000,-560.00000,
,,,00.011380000000,-560.00000,
,,,00.011400000000,-552.00000,
,,,00.011420000000,-552.00000,
,,,00.011440000000,-552.00000,
,,,00.011460000000,-544.00000,
,,,00.011480000000,-544.00000,
,,,00.011500000000,-544.00000,
,,,00.011520000000,-544.00000,
,,,00.011540000000,-544.00000,
,,,00.011560000000,-536.00000,
,,,00.011580000000,-528.00000,
,,,00.011600000000,-536.00000,
,,,00.011620000000,-528.00000,
,,,00.011640000000,-520.00000,
,,,00.011660000000,-520.00000,
,,,00.011680000000,-184.00000,
,,,00.011700000000, 240.00000,
,,,00.011720000000, 248.00000,
,,,00.011740000000, 240.00000,
,,,00.011760000000, 248.00000,
,,,00.011780000000, 248.00000,
,,,00.011800000000, 256.00000,
,,,00.011820000000, 256.00000,
,,,00.011840000000, 256.00000,
,,,00.011860000000, 256.00000,
,,,00.011880000000, 256.00000,
,,,00.011900000000, 264.00000,
,,,00.011920000000, 264.00000,
,,,00.011940000000, 264.00000,
,,,00.011960000000, 264.00000,
,,,00.011980000000, 264.00000,
,,,00.012000000000, 272.00000,
,,,00.012020000000, 272.00000,
,,,00.012040000000, 280.00000,
,,,00.012060000000, 280.00000,
,,,00.012080000000, 280.00000,
,,,00.012100000000, 280.00000,
,,,00.012120000000, 288.00000,
,,,00.012140000000, 288.00000,
,,,00.012160000000, 288.00000,
,,,00.012180000000, 296.00000,
,,,00.012200000000, 296.00000,
,,,00.012220000000, 296.00000,
,,,00.012240000000, 304.00000,
,,,00.012260000000, 304.00000,
,,,00.012280000000, 312.00000,
,,,00.012300000000, 312.00000,
,,,00.012320000000, 312.00000,
,,,00.012340000000, 320.00000,
,,,00.012360000000, 312.00000,
,,,00.012380000000, 320.00000,
,,,00.012400000000, 320.00000,
,,,00.012420000000, 328.00000,
,,,00.012440000000, 328.00000,
,,,00.012460000000, 328.00000,
,,,00.012480000000, 328.00000,
,,,00.012500000000, 336.00000,
,,,00.012520000000, 336.00000,
,,,00.012540000000, 304.00000,
,,,00.012560000000,-416.00000,
,,,00.012580000000,-416.00000,
,,,00.012600000000,-416.00000,
,,,00.012620000000,-408.00000,
,,,00.012640000000,-408.00000,
,,,00.012660000000,-408.00000,
,,,00.012680000000,-400.00000,
,,,00.012700000000,-400.00000,
,,,00.012720000000,-400.00000,
,,,00.012740000000,-400.00000,
,,,00.012760000000,-392.00000,
,,,00.012780000000,-392.00000,
,,,00.012800000000,-392.00000,
,,,00.012820000000,-392.00000,
,,,00.012840000000,-384.00000,
,,,00.012860000000,-384.00000,
,,,00.012880000000,-376.00000,
,,,00.012900000000,-376.00000,
,,,00.012920000000,-376.00000,
,,,00.012940000000,-376.00000,
,,,00.012960000000,-368.00000,
,,,00.012980000000,-376.00000,
,,,00.013000000000,-368.00000,
,,,00.013020000000,-368.00000,
,,,00.013040000000,-360.00000,
,,,00.013060000000,-368.00000,
,,,00.013080000000,-360.00000,
,,,00.013100000000,-352.00000,
,,,00.013120000000,-352.00000,
,,,00.013140000000,-344.00000,
,,,00.013160000000,-344.00000,
,,,00.013180000000,-344.00000,
,,,00.013200000000,-344.00000,
,,,00.013220000000,-344.00000,
,,,00.013240000000,-344.00000,
,,,00.013260000000,-336.00000,
,,,00.013280000000,-328.00000,
,,,00.013300000000,-328.00000,
,,,00.013320000000,-320.00000,
,,,00.013340000000,-320.00000,
,,,00.013360000000,-320.00000,
,,,00.013380000000,-312.00000,
,,,00.013400000000,-136.00000,
,,,00.013420000000, 448.00000,
,,,00.013440000000, 448.00000,
,,,00.013460000000, 456.00000,
,,,00.013480000000, 456.00000,
,,,00.013500000000, 456.00000,
,,,00.013520000000, 464.00000,
,,,00.013540000000, 472.00000,
,,,00.013560000000, 464.00000,
,,,00.013580000000, 472.00000,
,,,00.013600000000, 464.00000,
,,,00.013620000000, 472.00000,
,,,00.013640000000, 472.00000,
,,,00.013660000000, 472.00000,
,,,00.013680000000, 464.00000,
,,,00.013700000000, 472.00000,
,,,00.013720000000, 472.00000,
,,,00.013740000000, 480.00000,
,,,00.013760000000, 480.00000,
,,,00.013780000000, 480.00000,
,,,00.013800000000, 488.00000,
,,,00.013820000000, 488.00000,
,,,00.013840000000, 488.00000,
,,,00.013860000000, 496.00000,
,,,00.013880000000, 496.00000,
,,,00.013900000000,-256.00000,
,,,00.013920000000,-256.00000,
,,,00.013940000000,-256.00000,
,,,00.013960000000,-256.00000,
,,,00.013980000000,-256.00000,
,,,00.014000000000,-256.00000,
,,,00.014020000000,-248.00000,
,,,00.014040000000,-256.00000,
,,,00.014060000000,-248.00000,
,,,00.014080000000,-248.00000,
,,,00.014100000000,-240.00000,
,,,00.014120000000,-240.00000,
,,,00.014140000000,-248.00000,
,,,00.014160000000,-240.00000,
,,,00.014180000000,-240.00000,
,,,00.014200000000,-240.00000,
,,,00.014220000000,-232.00000,
,,,00.014240000000,-232.00000,
,,,00.014260000000,-224.00000,
,,,00.014280000000,-224.00000,
,,,00.014300000000,-224.00000,
,,,00.014320000000,-224.00000,
,,,00.014340000000,-224.00000,
,,,00.014360000000,-216.00000,
,,,00.014380000000,-208.00000,
,,,00.014400000000,-208.00000,
,,,00.014420000000,-200.00000,
,,,00.014440000000,-200.00000,
,,,00.014460000000,-200.00000,
,,,00.014480000000,-200.00000,
,,,00.014500000000,-200.00000,
,,,00.014520000000,-192.00000,
,,,00.014540000000,-192.00000,
,,,00.014560000000,-184.00000,
,,,00.014580000000,-192.00000,
,,,00.014600000000,-184.00000,
,,,00.014620000000,-184.00000,
,,,00.014640000000,-184.00000,
,,,00.014660000000,-176.00000,
,,,00.014680000000,-176.00000,
,,,00.014700000000,-176.00000,
,,,00.014720000000,-168.00000,
,,,00.014740000000,-168.00000,
,,,00.014760000000,-160.00000,
,,,00.014780000000,-160.00000,
,,,00.014800000000,-160.00000,
,,,00.014820000000,-160.00000,
,,,00.014840000000,-152.00000,
,,,00.014860000000,-160.00000,
,,,00.014880000000,-152.00000,
,,,00.014900000000,-152.00000,
,,,00.014920000000,-152.00000,
,,,00.014940000000,-152.00000,
,,,00.014960000000,-144.00000,
,,,00.014980000000,-144.00000,
,,,00.015000000000,-144.00000,
,,,00.015020000000,-136.00000,
,,,00.015040000000,-144.00000,
,,,00.015060000000,-144.00000,
,,,00.015080000000,-144.00000,
,,,00.015100000000, 616.00000,
,,,00.015120000000, 624.00000,
,,,00.015140000000, 624.00000,
,,,00.015160000000, 624.00000,
,,,00.015180000000, 632.00000,
,,,00.015200000000, 624.00000,
,,,00.015220000000, 624.00000,
,,,00.015240000000, 632.00000,
,,,00.015260000000, 632.00000,
,,,00.015280000000,-120.00000,
,,,00.015300000000,-120.00000,
,,,00.015320000000,-120.00000,
,,,00.015340000000,-112.00000,
,,,00.015360000000,-112.00000,
,,,00.015380000000,-120.00000,
,,,00.015400000000,-120.00000,
,,,00.015420000000,-112.00000,
,,,00.015440000000,-112.00000,
,,,00.015460000000,-104.00000,
,,,00.015480000000,-104.00000,
,,,00.015500000000,-104.00000,
,,,00.015520000000,-104.00000,
,,,00.015540000000,-104.00000,
,,,00.015560000000,-104.00000,
,,,00.015580000000, -96.00000,
,,,00.015600000000, -96.00000,
,,,00.015620000000, -96.00000,
,,,00.015640000000, -96.00000,
,,,00.015660000000, -88.00000,
,,,00.015680000000, -88.00000,
,,,00.015700000000, -88.00000,
,,,00.015720000000, -88.00000,
,,,00.015740000000, -88.00000,
,,,00.015760000000, -88.00000,
,,,00.015780000000, -80.00000,
,,,00.015800000000, -88.00000,
,,,00.015820000000, -80.00000,
,,,00.015840000000, -72.00000,
,,,00.015860000000, -80.00000,
,,,00.015880000000, -72.00000,
,,,00.015900000000, -72.00000,
,,,00.015920000000, -72.00000,
,,,00.015940000000, -72.00000,
,,,00.015960000000, -64.00000,
,,,00.015980000000, -64.00000,
,,,00.016000000000, -64.00000,
,,,00.016020000000, -64.00000,
,,,00.016040000000, -64.00000,
,,,00.016060000000, -64.00000,
,,,00.016080000000, -64.00000,
,,,00.016100000000, -64.00000,
,,,00.016120000000, -56.00000,
,,,00.016140000000, -56.00000,
,,,00.016160000000, -56.00000,
,,,00.016180000000, -56.00000,
,,,00.016200000000, -56.00000,
,,,00.016220000000, -48.00000,
,,,00.016240000000, -48.00000,
,,,00.016260000000, -48.00000,
,,,00.016280000000, -48.00000,
,,,00.016300000000, -48.00000,
,,,00.016320000000, -48.00000,
,,,00.016340000000, -48.00000,
,,,00.016360000000, -48.00000,
,,,00.016380000000, -40.00000,
,,,00.016400000000, -40.00000,
,,,00.016420000000, -48.00000,
,,,00.016440000000, -40.00000,
,,,00.016460000000, -40.00000,
,,,00.016480000000, -48.00000,
,,,00.016500000000, -40.00000,
,,,00.016520000000, -40.00000,
,,,00.016540000000, -40.00000,
,,,00.016560000000, -40.00000,
,,,00.016580000000, -32.00000,
,,,00.016600000000, -32.00000,
,,,00.016620000000, -24.00000,
,,,00.016640000000, -32.00000,
,,,00.016660000000, -32.00000,
,,,00.016680000000, -24.00000,
,,,00.016700000000, -24.00000,
,,,00.016720000000, -24.00000,
,,,00.016740000000, -24.00000,
,,,00.016760000000, -24.00000,
,,,00.016780000000, -24.00000,
,,,00.016800000000, -24.00000,
,,,00.016820000000, -16.00000,
,,,00.016840000000, -16.00000,
,,,00.016860000000, -16.00000,
,,,00.016880000000, -16.00000,
,,,00.016900000000, -16.00000,
,,,00.016920000000,  -8.00000,
,,,00.016940000000, -16.00000,
,,,00.016960000000,  -8.00000,
,,,00.016980000000,  -8.00000,
,,,00.017000000000,  -8.00000,
,,,00.017020000000,  -8.00000,
,,,00.017040000000,  -8.00000,
,,,00.017060000000,  -8.00000,
,,,00.017080000000,  -8.00000,
,,,00.017100000000,  -8.00000,
,,,00.017120000000,  -8.00000,
,,,00.017140000000,   0.00000,
,,,00.017160000000,  -8.00000,
,,,00.017180000000,  -8.00000,
,,,00.017200000000,   0.00000,
,,,00.017220000000,  -8.00000,
,,,00.017240000000,  -8.00000,
,,,00.017260000000,   0.00000,
,,,00.017280000000,   0.00000,
,,,00.017300000000,   0.00000,
,,,00.017320000000,   0.00000,
,,,00.017340000000,   0.00000,
,,,00.017360000000,   8.00000,
,,,00.017380000000,   0.00000,
,,,00.017400000000,   0.00000,
,,,00.017420000000,   0.00000,
,,,00.017440000000,   8.00000,
,,,00.017460000000,   8.00000,
,,,00.017480000000,   0.00000,
,,,00.017500000000,   0.00000,
,,,00.017520000000,   8.00000,
,,,00.017540000000,   8.00000,
,,,00.017560000000,   8.00000,
,,,00.017580000000,   8.00000,
,,,00.017600000000,   0.00000,
,,,00.017620000000,  -8.00000,
,,,00.017640000000,   0.00000,
,,,00.017660000000,   0.00000,
,,,00.017680000000,   0.00000,
,,,00.017700000000,   0.00000,
,,,00.017720000000,   0.00000,
,,,00.017740000000,   0.00000,
,,,00.017760000000,   0.00000,
,,,00.017780000000,   0.00000,
,,,00.017800000000,   0.00000,
,,,00.017820000000,   0.00000,
,,,00.017840000000,   8.00000,
,,,00.017860000000,   0.00000,
,,,00.017880000000,   8.00000,
,,,00.017900000000,   0.00000,
,,,00.017920000000,   0.00000,
,,,00.017940000000,   8.00000,
,,,00.017960000000,   8.00000,
,,,00.017980000000,   0.00000,
,,,00.018000000000,   8.00000,
,,,00.018020000000,   0.00000,
,,,00.018040000000,   8.00000,
,,,00.018060000000,   0.00000,
,,,00.018080000000,   0.00000,
,,,00.018100000000,   0.00000,
,,,00.018120000000,   0.00000,
,,,00.018140000000,   0.00000,
,,,00.018160000000,   0.00000,
,,,00.018180000000,   0.00000,
,,,00.018200000000,   8.00000,
,,,00.018220000000,   0.00000,
,,,00.018240000000,   0.00000,
,,,00.018260000000,   0.00000,
,,,00.018280000000,   0.00000,
,,,00.018300000000,   0.00000,
,,,00.018320000000,   0.00000,
,,,00.018340000000,   0.00000,
,,,00.018360000000,   0.00000,
,,,00.018380000000,  -8.00000,
,,,00.018400000000,   0.00000,
,,,00.018420000000,   0.00000,
,,,00.018440000000,  -8.00000,
,,,00.018460000000,  -8.00000,
,,,00.018480000000,  -8.00000,
,,,00.018500000000,  -8.00000,
,,,00.018520000000,  -8.00000,
,,,00.018540000000,  -8.00000,
,,,00.018560000000,   0.00000,
,,,00.018580000000,  -8.00000,
